gps/cache/dem_SRTMGL3_43p530_43p728_6p975_7p292.asc
ncols        380
nrows        238
xllcorner    6.974583333291
yllcorner    43.530416666670
cellsize     0.000833333333
NODATA_value 0
[rows 174 to 231 of 238, columns 0 to 95 of 380]
95 99 100 97 99 102 96 86 73 70 73 75 74 73 73 75 76 75 74 73 77 87 91 95 97 95 93 91 93 98 97 99 101 104 110 120 132 140 133 121 116 116 117 119 122 136 149 164 181 193 198 197 181 170 183 188 191 192 197 202 205 213 226 242 257 262 257 245 234 224 213 209 219 226 226 225 226 216 222 235 242 236 226 213 196 186 176 176 174 165 155 161 177 187 187 177
93 94 96 93 99 96 86 75 68 65 69 71 70 69 69 71 73 70 70 76 83 87 87 89 91 92 90 90 93 95 95 97 100 106 113 120 126 132 130 120 112 114 114 114 117 126 144 162 179 191 199 193 176 165 169 180 189 192 198 198 199 211 226 243 256 256 244 234 225 220 220 218 233 246 248 245 234 225 224 228 227 222 215 206 193 187 186 187 189 181 160 148 155 162 161 151
95 95 94 91 96 90 81 75 68 62 66 70 70 66 66 67 67 67 72 79 87 89 86 87 91 91 89 90 93 96 97 100 106 115 123 125 122 120 118 116 112 112 110 111 116 123 138 150 163 171 175 168 158 148 153 173 186 191 193 188 191 205 217 231 240 241 233 228 224 227 224 221 234 245 249 248 243 236 225 217 215 212 203 199 196 191 190 189 185 174 162 144 139 144 138 129
101 94 94 83 77 79 78 75 72 66 65 67 63 63 64 64 66 67 72 80 85 85 87 88 89 88 89 91 92 95 99 104 112 120 123 121 113 108 107 108 111 112 110 107 108 116 127 140 153 158 157 152 146 137 146 164 175 180 182 176 182 196 206 215 223 227 228 229 233 233 230 233 238 242 247 252 252 243 235 230 223 215 207 207 205 194 181 172 170 158 147 143 136 130 126 123
100 86 79 71 66 73 78 76 70 64 62 61 57 57 59 59 62 67 74 82 82 83 88 91 88 89 89 90 92 96 101 105 110 112 110 109 105 105 107 112 116 118 117 107 98 105 118 128 136 141 141 135 128 130 146 159 162 156 158 172 189 197 203 208 210 217 224 230 236 241 243 241 249 262 265 262 261 256 251 239 226 219 213 212 207 193 181 161 149 142 136 135 136 128 121 117
91 82 75 66 64 72 77 74 70 65 58 55 54 57 61 62 65 70 80 85 83 83 88 102 108 103 98 94 100 102 103 105 107 105 104 105 105 106 108 113 120 125 121 110 98 100 105 113 120 124 121 117 121 133 147 148 141 142 158 179 196 199 198 196 200 210 222 232 240 252 268 271 276 280 277 274 271 264 256 248 239 225 221 218 207 189 173 156 143 133 126 125 127 122 120 117
92 84 75 64 63 67 70 68 66 61 60 61 60 64 66 67 70 78 84 83 83 87 96 111 114 109 102 98 100 104 104 102 102 102 103 102 104 107 108 117 127 128 121 112 99 91 91 99 107 111 113 115 120 127 132 130 127 143 163 175 181 181 175 176 193 204 219 233 247 259 272 279 286 288 280 275 270 262 253 248 244 230 224 220 206 187 165 147 136 128 122 118 116 115 115 115
89 81 72 62 53 56 57 57 59 62 69 68 63 63 70 76 77 80 84 85 86 91 100 106 106 104 99 96 97 99 101 100 100 102 104 103 106 107 107 114 122 127 124 111 96 88 86 89 96 102 110 114 112 110 108 108 117 136 154 158 159 152 148 157 175 190 205 224 245 262 269 269 268 266 257 248 244 233 223 217 215 210 208 207 195 176 159 143 130 123 121 116 112 111 111 111
85 78 67 56 54 57 61 65 72 73 74 72 66 67 76 81 82 83 83 85 87 88 94 101 100 97 97 94 95 96 99 100 100 106 107 106 105 105 108 110 110 121 124 106 89 80 80 84 91 103 106 99 95 94 95 97 105 116 126 128 126 126 132 145 160 177 194 212 236 254 260 254 244 240 234 222 217 213 206 193 188 185 181 178 169 157 150 141 128 120 116 113 112 108 108 107
77 70 54 49 56 61 64 70 78 80 79 70 66 68 73 76 81 83 87 93 95 96 97 98 95 90 92 92 93 97 99 100 103 112 111 112 107 102 103 99 102 114 115 106 91 77 76 82 91 101 97 88 83 81 86 87 93 97 105 105 104 113 124 138 151 164 179 200 220 239 247 244 236 238 238 237 239 232 218 197 180 165 161 156 151 144 140 136 128 123 115 113 112 107 106 105
68 60 54 60 65 65 68 72 77 80 78 72 71 73 77 80 89 99 103 104 102 98 96 98 95 89 90 90 92 97 100 106 113 116 114 110 104 98 93 90 93 100 109 107 96 77 73 80 91 95 91 85 74 71 74 77 79 82 86 86 91 107 117 128 136 150 161 179 202 227 245 251 247 257 263 263 258 242 214 195 176 160 151 147 144 139 130 125 122 120 117 116 113 108 106 106
65 53 60 75 75 71 71 73 77 78 77 75 78 81 82 91 101 106 104 105 108 103 101 102 95 88 86 87 87 91 94 101 108 109 106 103 98 94 91 87 86 91 100 106 99 76 70 77 86 84 81 78 68 66 69 69 73 75 76 76 80 92 110 119 131 144 154 168 189 218 240 250 255 251 243 239 232 219 199 186 166 151 144 141 136 132 126 123 122 121 117 113 111 109 109 109
61 50 69 79 78 76 76 78 81 80 77 75 78 79 85 98 105 102 97 95 100 106 104 99 92 89 85 85 86 90 91 93 99 102 101 97 92 90 89 86 86 89 89 97 98 76 66 73 76 76 77 76 67 62 66 65 69 70 69 72 76 84 98 113 126 136 146 164 187 211 229 237 234 226 216 206 200 189 177 166 154 145 138 135 132 132 130 129 126 120 116 115 111 108 106 107
50 55 74 81 80 78 76 78 79 80 77 75 76 79 86 97 104 100 94 91 90 89 89 89 88 87 87 89 90 89 89 90 93 100 98 92 87 84 87 83 82 82 85 91 89 75 64 60 66 73 75 75 68 59 58 59 68 68 64 66 72 81 93 112 129 140 154 171 191 211 222 227 219 213 209 200 195 190 179 163 151 147 153 147 141 138 134 130 123 118 115 113 111 111 111 111
47 59 78 87 86 81 75 74 78 78 77 78 79 84 92 102 106 101 98 96 92 88 88 88 88 89 90 92 92 87 84 86 89 91 90 88 85 84 84 82 81 84 89 91 87 80 68 58 58 62 61 59 56 53 51 52 60 63 66 72 74 83 95 111 128 143 156 169 188 207 217 224 224 227 224 224 220 212 200 173 159 163 168 159 152 149 140 130 126 122 117 113 113 118 124 130
60 76 93 96 90 82 77 74 77 78 79 79 79 86 93 97 101 100 100 102 101 96 95 90 91 93 97 98 93 87 81 79 82 81 82 84 81 80 80 80 82 84 86 88 86 79 70 63 54 53 56 51 47 47 49 56 63 66 71 71 73 81 88 100 120 132 142 156 179 199 215 230 241 256 260 253 240 222 204 183 173 183 183 174 162 150 140 132 127 126 119 115 117 131 140 149
76 88 96 95 90 82 79 78 79 77 77 78 79 81 87 89 93 97 98 104 107 109 103 92 87 88 96 103 97 89 83 79 76 75 76 77 77 77 81 82 84 82 78 78 82 84 77 69 57 50 50 45 40 42 56 67 68 65 64 69 70 73 81 92 104 126 138 149 168 194 212 237 253 263 265 256 236 218 200 182 185 194 185 171 157 147 135 130 129 124 121 125 130 149 165 172
82 91 95 95 90 85 83 83 81 79 77 77 81 85 92 95 96 99 100 101 107 108 102 94 88 85 89 95 98 93 85 81 77 73 72 73 74 79 82 86 94 91 83 75 75 78 74 66 61 54 50 44 39 41 51 61 64 60 63 68 69 72 77 88 102 119 135 153 174 195 217 240 255 254 247 234 217 204 195 189 199 194 177 161 149 141 135 129 125 123 129 148 151 157 174 193
71 78 91 95 91 85 84 86 85 85 81 78 80 87 100 108 109 107 103 104 104 109 102 93 86 82 85 90 94 92 86 82 77 72 71 74 77 82 87 92 98 96 86 75 69 65 63 62 60 55 49 45 40 37 41 52 61 57 54 57 62 69 76 88 109 125 140 158 173 191 207 229 248 253 242 235 224 214 208 207 207 195 173 158 154 149 141 131 128 133 148 164 173 183 193 202
67 79 94 101 94 87 83 84 84 82 75 74 77 85 99 111 107 100 98 100 102 104 100 95 90 85 81 86 89 87 82 80 79 73 71 74 80 81 86 90 96 93 86 82 78 69 61 58 56 58 50 47 40 35 35 46 53 50 49 55 68 72 82 93 115 128 140 151 162 176 191 211 228 236 241 245 248 244 230 220 216 204 181 173 171 160 147 134 136 151 171 184 200 212 210 207
70 82 93 100 96 89 82 80 80 73 70 71 73 79 87 92 89 91 100 107 108 106 104 102 94 88 82 81 86 84 79 77 76 71 68 74 81 87 90 91 94 86 79 80 82 73 63 55 52 54 51 47 40 34 32 37 45 45 49 55 62 68 76 87 100 113 125 136 147 159 171 184 195 203 213 222 232 238 236 231 222 212 198 198 190 175 158 145 155 176 196 205 210 210 206 197
67 86 93 92 89 87 82 80 77 72 73 77 83 84 88 96 95 96 102 108 111 105 99 95 92 85 81 79 81 80 78 77 73 70 70 75 82 90 91 92 91 83 77 73 69 66 60 55 52 50 48 47 45 38 33 36 40 48 53 59 61 62 67 72 79 96 109 120 133 146 157 164 166 174 184 194 204 211 215 222 223 219 218 218 207 188 170 162 179 200 214 220 214 204 192 186
72 87 90 89 84 85 78 73 71 73 77 83 92 98 93 101 106 106 106 112 114 109 101 98 96 89 86 79 74 76 76 75 71 68 73 81 91 95 96 95 89 80 75 75 74 68 60 55 53 51 48 46 44 38 32 34 41 46 49 52 55 57 60 65 69 81 94 109 120 125 139 140 140 142 152 166 179 191 195 202 204 209 213 214 208 197 188 184 200 218 228 226 217 205 188 175
71 88 89 83 79 80 74 75 88 83 83 97 107 107 104 109 117 113 112 118 121 117 107 107 106 97 87 81 74 71 70 70 65 64 75 88 99 97 95 91 91 81 73 69 75 75 65 56 48 47 46 45 42 36 30 32 39 47 48 52 53 56 62 64 67 73 89 99 105 111 115 115 115 128 141 150 154 164 169 173 179 181 183 187 192 198 203 206 216 223 225 221 214 197 187 189
68 82 85 80 76 70 66 84 98 91 94 108 119 117 109 114 117 114 116 121 126 122 118 119 112 101 96 90 82 70 61 62 64 73 84 91 96 94 85 80 79 78 71 62 63 66 65 61 51 42 41 43 38 33 29 31 37 43 46 48 51 53 58 60 60 64 71 80 86 91 93 95 102 112 123 133 136 139 142 147 151 154 160 166 175 186 200 212 217 213 210 208 200 195 193 198
68 77 77 75 65 59 66 89 102 97 108 124 131 124 114 121 123 120 125 127 132 129 126 126 119 109 104 95 81 72 64 57 59 72 84 94 94 89 79 69 67 72 70 62 55 52 59 57 49 42 41 40 37 33 29 27 27 32 39 46 48 47 52 54 55 54 57 63 66 70 77 82 88 101 110 114 118 118 122 127 132 135 143 155 173 189 208 220 218 211 206 204 207 209 210 212
62 69 73 69 51 56 83 108 112 105 115 132 138 135 128 132 129 131 133 135 140 137 130 123 113 108 100 94 82 72 69 63 64 73 78 86 89 84 74 64 65 65 61 58 52 45 51 53 46 41 39 38 37 32 29 28 27 28 33 38 39 40 46 50 49 50 51 54 59 65 69 72 74 79 89 95 99 106 108 109 116 124 143 167 186 208 227 238 233 228 223 218 218 214 208 204
58 61 65 58 45 68 97 117 115 113 126 134 139 143 143 140 139 144 143 146 143 135 132 131 120 107 98 88 84 80 71 65 67 82 91 87 84 79 71 64 63 65 55 50 47 42 48 49 43 40 37 36 37 35 30 25 26 25 27 33 33 34 41 45 40 43 47 53 59 64 68 68 64 67 75 86 91 89 89 93 107 139 169 191 209 226 232 228 231 233 234 228 221 215 205 190
49 46 46 43 43 69 91 102 108 114 121 125 127 130 136 139 143 150 153 151 145 138 138 138 128 120 106 98 93 82 72 62 64 78 90 86 80 79 77 67 57 56 53 45 37 35 46 46 42 39 35 31 35 35 27 21 23 23 24 30 28 32 35 36 39 44 50 52 59 64 62 61 58 59 68 77 78 73 80 95 123 152 180 203 219 224 220 213 220 226 229 225 220 214 209 196
36 32 32 42 56 76 86 95 99 98 108 131 147 145 143 141 145 152 159 154 146 144 142 137 127 116 104 100 99 97 89 76 62 65 78 81 79 78 76 68 59 53 49 42 35 32 42 46 42 37 31 29 32 33 29 22 19 18 21 24 24 28 32 34 38 44 47 53 57 58 57 54 51 52 56 59 64 71 85 109 133 157 188 218 224 217 206 204 215 221 219 208 200 202 203 195
25 26 41 61 64 67 77 88 81 92 112 135 153 150 143 145 142 144 155 156 147 142 139 133 123 115 110 98 93 99 101 96 74 61 62 72 76 74 74 71 64 57 46 36 30 26 34 38 38 35 31 32 34 35 32 26 23 18 18 19 25 29 30 32 40 44 47 50 51 50 48 47 45 46 49 55 66 78 103 119 138 165 199 224 224 211 195 191 201 205 201 191 180 176 176 178
18 27 46 53 48 48 65 72 70 83 105 130 149 138 129 127 117 123 136 137 132 132 133 131 121 116 112 97 83 88 92 97 87 72 58 58 56 63 70 69 62 54 45 38 31 22 23 28 30 31 28 30 33 35 34 28 23 19 17 15 21 26 27 32 39 40 41 37 33 37 39 39 41 46 54 64 78 91 106 123 142 166 199 218 224 210 191 167 168 174 183 179 163 149 143 140
20 23 34 33 27 35 47 49 54 73 93 113 125 115 111 109 98 107 110 107 111 117 114 105 100 94 95 87 74 69 76 81 77 79 69 52 43 49 62 67 68 61 54 47 36 29 22 19 20 25 23 25 32 34 29 24 21 16 15 16 18 22 24 28 33 31 30 30 35 44 46 45 44 46 55 68 78 92 101 112 131 156 187 210 209 196 174 151 142 156 173 181 174 157 142 124
14 14 18 16 15 21 26 35 54 69 81 90 94 96 99 97 81 85 93 92 90 98 99 87 82 78 81 76 71 62 62 65 64 69 67 51 39 44 54 60 66 66 57 48 42 39 32 23 19 19 20 22 24 24 23 21 19 17 16 14 19 23 23 25 27 31 32 36 39 42 41 36 38 46 55 66 75 92 109 126 140 158 178 194 203 199 185 160 134 135 153 167 172 162 142 123
7 8 8 9 8 10 12 25 49 62 69 72 74 82 85 80 72 70 77 78 76 80 80 77 69 63 67 64 64 63 55 49 59 68 61 54 44 36 44 51 56 58 53 49 44 44 42 32 24 21 19 17 16 16 17 15 16 15 13 14 17 18 19 19 19 24 27 32 33 33 36 34 40 51 60 71 82 94 110 129 154 172 182 193 200 192 181 154 133 119 131 143 155 147 123 101
7 7 6 7 7 8 11 22 42 50 50 55 64 71 73 67 59 56 64 68 62 59 59 66 62 52 55 56 59 63 57 48 48 50 47 45 40 30 33 40 46 46 45 42 34 37 39 33 28 22 17 15 12 11 11 11 12 11 12 14 16 16 18 18 19 19 22 27 24 24 27 33 43 54 65 74 85 94 108 127 145 153 163 171 176 166 159 153 133 112 116 134 141 123 99 84
7 6 5 6 6 6 8 15 26 31 40 50 61 65 60 52 43 47 58 59 54 44 47 52 54 45 53 54 53 60 56 50 40 36 38 41 36 26 25 34 37 33 27 27 21 24 26 24 21 18 15 13 14 14 13 14 15 13 12 16 20 18 19 17 16 17 18 24 28 31 32 38 45 55 67 80 93 95 101 112 118 119 128 137 143 137 135 138 127 110 106 118 114 102 83 75
5 3 3 5 5 5 7 12 15 22 32 39 45 55 56 43 36 47 58 60 58 46 31 34 37 35 49 46 41 41 36 31 29 30 32 37 39 25 26 35 35 30 22 17 13 14 14 13 10 8 10 13 15 16 15 16 16 15 15 17 19 20 20 18 17 15 14 16 19 25 28 31 40 50 60 70 77 79 84 90 92 93 99 104 111 111 108 119 116 99 91 91 89 85 71 62
6 4 4 5 6 5 7 12 13 18 22 27 37 54 56 35 28 35 48 55 48 35 23 20 23 29 40 37 30 23 19 19 20 21 21 29 32 18 25 30 29 28 26 18 13 11 8 6 5 5 7 9 11 11 12 19 18 15 15 15 16 15 17 14 16 17 14 17 18 16 19 23 29 40 51 61 68 69 71 77 80 79 79 82 85 83 87 96 100 95 88 76 71 63 58 52
9 6 6 4 5 6 10 11 9 11 15 22 33 45 34 22 17 24 31 29 25 17 14 14 16 23 27 26 23 17 13 10 11 15 18 23 22 19 17 16 17 25 34 27 11 4 1 0 0 1 3 16 15 7 8 13 16 11 11 15 20 17 13 11 13 17 15 11 15 15 15 18 25 37 54 59 62 61 63 68 68 68 67 68 71 72 71 73 76 80 81 93 86 62 51 45
8 7 6 5 5 7 9 8 6 10 11 15 23 28 19 13 14 16 16 14 19 18 15 13 11 12 13 13 11 9 11 10 8 11 12 14 15 13 13 15 18 27 36 32 16 3 0 0 0 0 3 9 10 4 2 2 1 0 2 6 7 12 15 12 14 18 16 11 13 17 18 17 20 35 47 51 50 54 56 57 58 56 56 59 58 57 54 61 68 70 71 73 69 62 55 49
11 9 6 6 8 9 9 7 8 8 7 14 14 12 9 8 6 4 4 5 6 7 4 5 4 3 4 5 5 7 11 6 4 4 4 3 9 13 8 11 18 20 22 23 15 3 0 0 0 1 1 3 1 -3 -1 0 1 0 0 0 -1 1 6 8 12 12 14 16 13 16 19 19 20 27 35 35 38 42 43 44 51 43 40 42 47 47 42 48 51 56 58 61 57 51 45 40
9 7 5 8 16 19 13 9 14 11 6 9 11 7 2 3 1 0 0 0 0 0 0 0 0 0 0 0 0 0 0 0 0 0 0 1 1 3 3 6 7 9 12 14 10 5 0 -1 0 1 0 0 1 0 0 0 0 0 0 0 0 0 0 0 1 3 9 13 8 13 13 16 17 20 27 29 29 30 29 28 33 32 29 28 31 31 28 32 34 36 40 43 42 36 28 21
4 3 3 4 5 6 5 5 4 3 2 1 0 0 0 0 0 0 0 0 0 0 0 0 0 0 0 0 0 0 0 0 0 0 0 0 0 0 0 0 0 0 1 0 5 4 3 2 1 1 0 0 0 0 0 0 0 0 0 0 0 0 0 0 0 0 1 4 4 9 10 12 14 18 21 27 26 29 29 26 25 27 27 26 23 22 16 15 15 17 14 16 17 11 7 6
1 0 1 1 0 0 0 0 0 0 0 0 0 0 0 0 0 0 0 0 0 0 0 0 0 0 0 0 0 0 0 0 0 0 0 0 0 0 0 0 0 0 0 0 1 1 2 3 -1 1 0 0 0 0 0 0 0 0 0 0 0 0 0 0 0 0 0 1 1 8 9 8 14 19 22 24 24 27 20 19 21 23 25 24 20 15 11 5 6 5 1 0 1 2 1 0
0 0 0 0 0 0 0 0 0 0 0 0 0 0 0 0 0 0 0 0 0 0 0 0 0 0 0 0 0 0 0 0 0 0 0 0 0 0 0 0 0 0 0 0 0 0 0 1 1 0 1 1 0 0 0 0 0 0 0 0 0 0 0 0 0 0 0 0 0 0 6 8 12 17 18 22 21 20 19 20 17 17 21 20 16 12 7 4 1 0 0 0 0 0 0 0
0 0 0 0 0 0 0 0 0 0 0 0 0 0 0 0 0 0 0 0 0 0 0 0 0 0 0 0 0 0 0 0 0 0 0 0 0 0 0 0 0 0 0 0 0 0 0 0 0 1 3 1 0 0 0 0 0 0 0 0 0 0 0 0 0 0 0 0 2 1 0 4 11 20 14 15 14 13 13 16 13 11 11 12 10 3 3 0 0 0 0 0 0 0 0 0
0 0 0 0 0 0 0 0 0 0 0 0 0 0 0 0 0 0 0 0 0 0 0 0 0 0 0 0 0 0 0 0 0 0 0 0 0 0 0 0 0 0 0 0 0 0 0 0 0 0 0 0 0 0 0 0 0 0 0 0 0 0 0 0 0 0 0 0 0 -2 -2 0 7 15 16 14 11 11 12 10 10 9 9 6 1 0 0 0 0 0 0 0 0 0 0 0
0 0 0 0 0 0 0 0 0 0 0 0 0 0 0 0 0 0 0 0 0 0 0 0 0 0 0 0 0 0 0 0 0 0 0 0 0 0 0 0 0 0 0 0 0 0 0 0 0 0 0 0 0 0 0 0 0 0 0 0 0 0 0 0 0 0 0 0 0 0 -1 2 5 16 17 13 13 12 10 8 5 4 3 2 0 0 0 0 0 0 0 0 0 0 0 0
0 0 0 0 0 0 0 0 0 0 0 0 0 0 0 0 0 0 0 0 0 0 0 0 0 0 0 0 0 0 0 0 0 0 0 0 0 0 0 0 0 0 0 0 0 0 0 0 0 0 0 0 0 0 0 0 0 0 0 0 0 0 0 0 0 0 0 0 -3 -3 0 1 5 12 14 11 10 9 8 4 1 0 1 0 0 0 0 0 0 0 0 0 0 0 0 0
0 0 0 0 0 0 0 0 0 0 0 0 0 0 0 0 0 0 0 0 0 0 0 0 0 0 0 0 0 0 0 0 0 0 0 0 0 0 0 0 0 0 0 0 0 0 0 0 0 0 0 0 0 0 0 0 0 0 0 0 0 0 0 0 0 0 0 0 -5 -1 -1 1 7 12 9 8 8 9 5 0 1 2 1 0 0 0 0 0 0 0 0 0 0 0 0 0
0 0 0 0 0 0 0 0 0 0 0 0 0 0 0 0 0 0 0 0 0 0 0 0 0 0 0 0 0 0 0 0 0 0 0 0 0 0 0 0 0 0 0 0 0 0 0 0 0 0 0 0 0 0 0 0 0 0 0 0 0 0 0 0 0 0 -1 -1 0 -3 -2 1 10 16 9 7 7 9 3 0 0 0 0 0 0 0 0 0 0 0 0 0 0 0 0 0
0 0 0 0 0 0 0 0 0 0 0 0 0 0 0 0 0 0 0 0 0 0 0 0 0 0 0 0 0 0 0 0 0 0 0 0 0 0 0 0 0 0 0 0 0 0 0 0 0 0 0 0 0 0 0 0 0 0 0 0 0 0 0 0 0 0 0 -2 -6 -5 0 3 9 14 9 6 6 9 1 0 0 0 0 0 0 0 0 0 0 0 0 0 0 0 0 0
0 0 0 0 0 0 0 0 0 0 0 0 0 0 0 0 0 0 0 0 0 0 0 0 0 0 0 0 0 0 0 0 0 0 0 0 0 0 0 0 0 0 0 0 0 0 0 0 0 0 0 0 0 0 0 0 0 0 0 0 0 0 0 0 0 0 0 -1 -1 -2 -2 2 7 9 11 5 7 9 2 0 0 0 0 0 0 0 0 0 0 0 0 0 0 0 0 0
0 0 0 0 0 0 0 0 0 0 0 0 0 0 0 0 0 0 0 0 0 0 0 0 0 0 0 0 0 0 0 0 0 0 0 0 0 0 0 0 0 0 0 0 0 0 0 0 0 0 0 0 0 0 0 0 0 0 0 0 0 0 0 0 0 0 0 0 0 0 0 0 0 -1 5 8 7 5 0 0 0 0 0 0 0 0 0 0 0 0 0 0 0 0 0 0
0 0 0 0 0 0 0 0 0 0 0 0 0 0 0 0 0 0 0 0 0 0 0 0 0 0 0 0 0 0 0 0 0 0 0 0 0 0 0 0 0 0 0 0 0 0 0 0 0 0 0 0 0 0 0 0 0 0 0 0 0 0 0 0 0 0 0 0 0 0 0 0 0 -2 2 6 8 3 0 0 0 0 0 0 0 0 0 0 0 0 0 0 0 0 0 0
0 0 0 0 0 0 0 0 0 0 0 0 0 0 0 0 0 0 0 0 0 0 0 0 0 0 0 0 0 0 0 0 0 0 0 0 0 0 0 0 0 0 0 0 0 0 0 0 0 0 0 0 0 0 0 0 0 0 0 0 0 0 0 0 0 0 0 0 0 0 0 0 -4 -1 3 3 1 1 0 0 0 0 0 0 0 0 0 0 0 0 0 0 0 0 0 0
0 0 0 0 0 0 0 0 0 0 0 0 0 0 0 0 0 0 0 0 0 0 0 0 0 0 0 0 0 0 0 0 0 0 0 0 0 0 0 0 0 0 0 0 0 0 0 0 0 0 0 0 0 0 0 0 0 0 0 0 0 0 0 0 0 0 0 0 0 0 0 0 0 -1 0 3 3 1 0 0 0 0 0 0 0 0 0 0 0 0 0 0 0 0 0 0
