gps/cache/dem_SRTMGL3_43p530_43p728_6p975_7p292.asc
ncols        380
nrows        238
xllcorner    6.974583333291
yllcorner    43.530416666670
cellsize     0.000833333333
NODATA_value 0
[rows 116 to 173 of 238, columns 96 to 191 of 380]
100 96 101 99 86 90 94 86 80 78 77 90 100 97 104 113 118 117 112 108 101 94 82 81 85 79 83 98 106 110 109 88 60 65 85 92 87 80 82 87 89 87 85 92 104 105 97 83 68 50 37 41 52 70 88 105 107 85 81 92 96 89 87 89 84 73 61 59 70 81 86 84 75 64 59 53 41 46 49 50 49 54 56 56 49 41 35 30 27 24 17 10 7 7 7 6
149 141 131 109 90 84 86 88 88 80 74 82 96 95 101 113 120 117 112 109 105 102 102 97 91 80 68 77 89 99 105 95 66 59 80 76 52 42 51 73 81 74 72 84 100 105 96 83 73 62 47 36 38 54 76 96 98 81 74 86 89 78 76 84 83 70 53 59 74 84 82 80 71 56 51 49 41 30 31 33 36 39 39 41 37 35 32 28 25 18 13 11 6 6 5 5
177 171 156 137 124 118 126 121 105 86 73 75 89 90 97 114 118 118 117 117 115 112 111 115 117 108 91 69 67 76 77 72 60 52 62 51 37 36 34 53 62 63 74 99 108 106 94 80 72 63 53 42 31 45 64 82 89 79 68 72 74 64 67 77 74 61 49 62 75 81 75 66 62 53 45 35 30 21 17 19 21 24 26 28 29 31 25 22 19 15 13 9 6 6 6 6
180 176 169 165 167 166 165 154 131 104 84 73 77 82 99 109 115 117 119 119 118 115 114 112 114 118 117 102 77 53 47 49 43 40 41 41 49 43 34 45 67 78 82 94 101 98 91 84 76 64 51 42 34 34 39 45 58 71 71 62 59 53 55 61 60 47 49 64 76 76 69 58 47 43 36 29 22 17 18 16 13 11 12 13 16 24 26 18 14 14 12 8 7 6 5 5
168 169 170 172 176 176 172 165 154 135 115 92 74 74 93 108 111 116 118 119 118 117 114 110 110 112 116 113 79 49 56 74 73 64 61 69 74 55 39 49 66 79 80 81 80 74 70 71 72 71 65 59 46 30 22 23 30 54 75 77 71 64 54 45 43 39 52 67 74 68 59 53 43 37 35 29 25 27 28 16 11 9 8 8 7 11 14 13 10 10 9 9 7 6 5 3
151 152 159 166 173 171 164 158 154 143 128 108 84 73 79 90 101 109 113 110 111 113 110 105 100 102 111 110 78 47 59 82 96 100 97 92 84 66 41 41 52 58 67 72 64 54 48 50 56 59 65 67 65 56 35 22 24 47 74 84 88 82 71 56 40 34 46 62 73 64 50 42 38 37 36 37 38 37 35 25 20 21 14 11 10 9 15 13 10 10 9 6 5 5 6 5
139 144 150 158 164 163 154 144 138 132 115 97 80 67 67 69 83 90 86 77 75 79 87 96 98 98 103 109 100 67 52 58 82 106 110 107 98 79 52 38 33 38 52 62 65 58 41 30 38 43 45 50 58 69 64 33 20 30 54 71 84 88 88 74 49 33 42 59 63 53 43 37 34 34 31 32 38 39 38 31 30 33 30 24 15 12 13 15 13 11 9 5 4 5 3 1
131 136 145 150 156 158 155 144 133 122 103 79 75 82 83 73 69 70 69 76 75 70 63 70 84 88 90 96 101 94 70 53 55 92 119 120 108 94 73 63 57 38 33 35 36 31 26 22 27 32 29 27 31 42 50 39 22 21 30 45 58 72 83 73 44 28 39 56 57 44 39 34 28 28 27 26 32 35 33 32 32 32 29 26 19 11 9 13 15 12 7 6 5 4 5 0
125 127 134 141 148 153 152 149 140 127 112 88 79 83 94 97 95 101 107 110 105 96 84 65 61 62 66 73 77 70 58 55 62 96 123 128 117 103 96 99 98 89 77 65 55 45 35 24 18 19 21 19 19 21 23 24 18 17 19 30 43 53 61 63 38 25 31 44 49 40 33 30 25 24 23 28 35 36 34 34 31 29 25 21 16 10 9 15 16 12 10 11 8 5 2 0
121 124 129 139 144 146 146 144 137 129 112 99 86 84 98 105 108 115 120 121 114 105 93 78 80 78 72 66 58 57 61 67 77 100 127 133 125 112 108 108 109 105 99 90 81 70 54 34 20 18 17 17 18 18 16 15 15 15 17 20 30 36 41 49 39 23 20 29 36 36 32 28 24 21 20 27 36 35 34 33 31 30 28 22 14 9 13 19 16 11 13 12 8 5 0 0
120 123 125 131 138 144 148 143 136 125 109 99 93 90 89 99 109 111 113 116 114 105 95 91 102 109 107 98 85 85 88 86 92 109 129 132 128 122 117 109 101 94 93 89 82 78 70 54 34 19 17 16 17 17 17 15 14 14 16 16 20 25 32 41 35 22 16 18 25 32 30 24 22 22 20 28 36 34 33 34 31 30 30 22 11 5 12 20 16 9 10 9 5 2 0 0
117 114 116 120 130 138 140 135 130 125 116 109 111 104 93 101 110 112 113 112 112 104 95 102 111 115 116 111 106 109 119 123 127 131 129 127 122 120 115 105 93 87 86 84 79 74 66 57 47 30 26 25 27 21 17 15 14 16 15 15 15 16 22 29 25 17 14 15 24 31 29 26 16 20 25 30 32 31 34 34 33 30 27 20 8 2 5 11 10 6 9 8 3 0 0 0
116 111 110 111 115 121 125 123 121 118 116 115 111 100 95 106 113 116 115 114 113 106 96 105 113 116 118 118 121 127 135 138 134 131 124 119 115 111 105 103 102 98 96 96 90 84 77 71 67 61 54 50 44 29 17 15 15 14 13 14 13 12 15 22 20 15 14 15 23 26 26 21 13 16 26 29 28 26 32 36 34 31 27 15 7 2 1 2 4 7 8 7 2 0 0 0
113 113 113 113 111 111 113 113 111 110 110 108 100 93 100 113 122 122 118 117 113 105 99 101 107 113 120 125 128 135 140 141 137 133 130 128 123 118 113 117 116 112 106 106 102 96 90 80 69 65 63 57 43 25 17 17 14 13 12 13 13 13 15 17 19 14 11 10 15 17 20 13 11 13 21 26 23 23 29 33 32 31 22 14 11 7 5 4 6 10 10 6 1 0 0 0
122 120 118 113 109 108 110 109 107 106 104 99 96 96 105 117 128 127 122 121 118 110 103 102 106 112 118 127 136 145 146 143 131 128 127 129 126 121 120 120 121 119 115 112 108 102 90 80 68 52 45 39 27 20 17 16 16 14 12 11 13 13 12 12 15 12 10 10 10 14 14 9 9 13 23 24 22 28 30 29 29 25 16 12 10 11 9 7 9 10 10 2 0 0 0 0
142 135 129 122 114 105 105 106 106 103 101 110 119 118 110 110 118 121 122 122 120 114 109 105 107 115 121 128 141 148 144 136 127 121 116 117 116 114 117 120 121 119 113 107 101 97 85 73 64 49 39 37 34 30 29 28 19 13 13 9 8 10 10 11 14 13 10 10 9 10 11 8 8 14 26 20 21 26 28 26 23 18 10 10 10 9 7 10 11 8 6 1 0 0 0 0
165 157 149 140 129 121 114 106 103 101 109 129 141 141 130 119 116 117 123 126 123 117 113 111 112 118 127 139 147 145 137 131 123 114 108 103 101 105 109 111 113 107 103 99 91 80 68 60 58 53 49 50 51 52 43 32 23 13 14 10 10 10 13 15 13 11 11 10 9 8 9 8 9 16 26 20 16 17 16 16 15 12 8 9 9 6 6 7 7 5 3 2 0 0 0 0
172 164 158 150 138 135 132 125 122 124 131 139 144 147 140 130 121 120 125 127 125 120 116 115 116 122 127 133 137 136 133 126 119 112 106 99 96 98 99 98 95 87 84 85 82 71 70 73 73 65 59 57 54 54 42 31 21 14 14 13 14 12 10 15 13 12 12 10 9 9 9 9 9 12 20 21 13 8 6 5 9 7 6 6 5 3 4 6 7 4 1 0 0 0 0 0
171 164 150 142 132 127 125 124 128 130 130 133 138 137 132 127 126 130 136 135 135 128 121 114 115 119 122 125 126 129 129 124 118 114 108 105 108 108 102 104 102 93 84 74 72 80 87 88 81 74 72 64 46 43 38 25 18 15 14 11 13 11 9 10 11 11 10 9 8 10 8 8 9 10 16 18 13 6 4 4 4 3 3 4 3 1 3 5 5 3 2 0 0 0 0 0
168 159 144 133 122 117 116 118 120 121 115 113 120 124 126 127 128 134 142 140 137 130 119 112 113 113 113 118 121 125 125 121 115 109 107 110 115 118 120 121 118 108 93 83 89 95 94 89 85 79 71 53 29 26 24 19 17 15 16 11 10 10 11 12 13 11 11 9 8 9 6 7 7 8 8 10 9 6 5 6 3 4 3 4 5 5 3 4 3 2 0 0 0 0 0 0
163 162 152 138 121 116 112 111 108 106 109 107 102 110 119 120 123 132 135 132 129 123 113 108 107 109 114 118 117 117 117 114 110 106 104 104 112 118 121 118 110 101 92 95 101 102 94 86 78 71 53 33 21 19 16 18 16 15 22 21 18 18 21 24 14 11 9 7 9 7 6 7 6 9 10 9 8 7 5 5 5 5 5 3 4 3 3 5 3 2 0 0 0 0 0 0
149 147 141 129 118 111 107 111 111 126 143 141 126 109 100 102 111 119 122 121 116 110 102 98 105 114 120 122 117 113 111 107 105 101 97 98 109 116 120 114 106 105 109 107 107 107 99 83 62 40 35 39 41 39 34 31 24 21 25 29 31 33 35 29 17 12 7 8 6 7 9 10 7 6 7 7 7 6 4 3 3 4 4 2 4 5 4 4 2 1 0 0 0 0 0 0
133 127 123 119 115 112 117 126 133 139 144 143 134 118 102 90 92 96 103 106 105 99 94 101 112 122 122 119 112 110 106 104 98 95 90 96 103 107 109 103 98 104 110 108 109 108 98 76 45 43 63 73 71 59 50 47 41 36 34 32 29 30 32 27 17 12 9 8 6 7 8 11 6 5 5 6 5 6 4 4 3 4 4 3 4 4 4 3 3 1 0 0 0 0 0 0
125 120 118 114 115 121 126 132 132 131 129 125 118 107 99 93 87 83 81 85 87 88 87 95 104 113 113 108 101 102 104 105 97 91 83 83 82 82 79 77 85 93 95 100 102 96 78 62 45 63 84 89 83 69 54 45 42 37 33 32 26 20 19 16 12 10 10 7 5 6 7 8 7 7 6 5 4 3 3 5 3 4 5 4 3 4 4 3 3 0 0 0 0 0 0 0
119 119 119 125 127 131 132 131 127 121 120 121 120 109 98 87 79 79 79 79 77 74 72 74 81 91 99 98 93 96 100 103 102 96 91 90 88 82 73 58 60 71 82 84 82 70 50 59 71 79 85 85 85 73 54 40 35 32 28 24 22 22 20 16 14 11 10 10 8 6 6 7 5 6 6 4 3 3 3 4 4 5 5 5 4 5 4 3 1 0 0 0 0 0 0 0
122 127 133 141 142 138 136 131 127 130 133 132 125 115 99 86 84 97 106 105 100 85 77 74 72 72 77 80 79 78 86 92 95 93 88 79 75 74 68 50 40 44 52 53 51 44 52 79 88 81 73 69 69 61 48 40 38 38 34 31 29 26 24 24 26 21 10 8 7 9 7 7 5 7 6 4 3 3 3 4 4 4 5 7 4 4 4 2 1 0 0 0 0 0 0 0
125 133 142 147 146 145 142 135 134 138 141 134 124 108 94 83 94 110 125 125 117 99 85 80 78 80 82 73 70 67 67 73 83 88 80 62 53 53 50 51 56 53 49 54 59 63 74 89 88 78 65 57 52 46 42 47 52 54 50 43 32 26 27 27 25 19 10 9 13 23 15 7 9 21 27 27 22 18 11 8 7 4 5 5 6 5 3 1 0 0 0 0 0 0 0 0
127 136 147 153 154 153 146 138 133 133 132 122 111 97 85 85 99 114 124 122 114 98 86 85 89 96 96 92 81 72 65 61 73 79 69 51 58 63 77 90 97 98 98 97 102 107 103 101 91 79 72 66 55 45 54 73 80 78 75 60 49 36 32 29 27 17 13 12 11 16 13 8 19 28 29 30 31 30 27 24 19 10 5 4 4 3 3 1 0 0 0 0 0 0 0 0
127 131 140 149 151 149 144 140 132 124 116 108 97 90 87 97 112 123 127 122 107 97 92 91 97 99 98 93 89 79 60 59 67 66 57 56 74 96 111 113 113 112 113 111 114 117 112 100 87 75 65 58 54 51 60 79 87 83 76 69 59 53 48 35 22 16 15 13 10 12 11 14 26 29 29 30 30 28 24 20 16 12 6 5 4 4 3 1 0 0 0 0 0 0 0 0
135 133 134 139 139 136 144 148 148 140 125 110 97 88 91 99 118 130 128 119 109 107 103 101 101 102 100 95 95 90 69 58 64 62 62 75 96 109 112 114 111 105 101 99 98 95 89 80 71 66 66 68 67 64 62 74 88 87 74 63 54 50 44 35 31 28 23 15 14 18 17 19 26 30 29 28 27 26 21 16 13 11 8 4 4 3 1 2 0 0 0 0 0 0 0 0
138 135 133 134 131 131 139 145 145 140 134 128 112 100 92 95 110 120 124 124 121 115 112 104 100 99 99 98 97 98 94 89 81 84 91 98 110 118 118 116 113 108 100 90 83 82 81 87 85 80 77 83 88 82 71 76 87 90 78 64 48 48 50 45 35 26 19 16 20 25 23 21 26 29 29 29 27 26 21 16 15 16 10 5 4 3 2 6 0 0 0 0 0 0 0 0
139 134 132 131 125 123 124 127 125 123 118 117 107 98 95 94 106 117 124 128 130 122 115 106 97 96 96 95 95 97 96 92 86 85 92 99 111 118 121 118 113 108 98 86 84 91 100 104 99 89 90 94 93 85 74 80 87 87 77 63 48 52 53 47 34 24 22 25 27 29 26 23 29 30 28 27 26 24 22 16 13 13 7 4 3 3 3 0 0 0 0 0 0 0 0 0
139 136 130 128 125 121 117 116 113 112 104 104 104 102 103 100 105 114 126 130 132 129 119 107 98 95 93 94 94 97 96 93 90 86 88 96 102 109 111 109 105 100 94 94 98 101 105 105 98 95 98 101 94 81 80 85 82 74 64 54 45 48 50 46 34 23 23 28 30 29 24 26 31 31 29 26 24 21 20 15 13 10 5 4 4 3 3 0 0 0 0 0 0 0 0 0
136 133 128 124 117 118 117 111 109 106 105 107 108 106 110 110 108 112 118 123 129 130 126 117 109 102 98 99 99 97 96 96 91 90 90 95 95 98 95 94 94 96 99 96 99 102 105 103 100 101 104 101 97 90 89 89 82 69 58 49 48 53 52 44 37 29 25 28 30 28 27 28 30 30 28 28 26 20 15 13 11 8 5 5 3 2 0 0 0 0 0 0 0 0 0 0
134 132 129 122 118 124 126 119 116 112 109 108 111 121 132 143 139 133 119 115 116 119 122 121 116 111 106 105 101 100 100 98 93 91 92 92 92 92 93 95 96 95 94 92 94 95 95 94 94 95 95 91 91 90 85 78 71 65 57 51 55 60 62 50 39 33 29 27 29 29 28 29 31 30 26 23 21 19 14 11 9 5 4 4 3 3 0 0 0 0 0 0 0 0 0 0
129 126 127 128 130 128 127 123 116 116 117 114 115 136 149 160 161 151 131 120 115 116 116 115 112 107 106 104 102 104 102 100 97 96 94 93 94 92 91 90 88 87 86 88 90 90 88 86 84 86 83 79 81 86 85 76 67 62 59 56 61 67 65 52 42 37 32 30 30 30 31 30 29 30 27 25 23 20 16 14 13 7 5 5 2 3 0 0 0 0 0 0 0 0 0 0
130 141 142 138 133 129 123 120 118 132 140 126 119 135 149 161 162 150 133 128 121 123 120 116 113 107 108 108 111 113 113 107 103 100 96 93 96 95 92 89 87 84 82 84 86 84 82 84 78 77 75 71 74 82 88 86 80 75 69 61 61 65 67 57 46 39 34 31 30 28 27 29 27 26 27 28 24 22 18 15 10 6 5 4 3 5 1 0 0 0 0 0 0 0 0 0
138 144 139 135 128 125 120 118 124 135 137 129 120 130 144 158 158 151 140 131 130 132 133 128 119 112 111 118 123 121 117 108 102 99 94 90 89 89 89 88 87 84 79 78 79 78 78 77 75 69 68 67 68 73 82 82 79 74 68 64 64 68 67 57 47 39 37 32 29 28 28 28 27 23 21 21 19 17 14 9 8 8 6 4 5 6 3 0 0 0 0 0 0 0 0 0
144 145 142 132 127 128 124 127 141 148 143 135 125 124 137 149 150 150 153 147 144 143 142 134 126 119 129 137 135 127 120 109 101 98 94 89 85 84 82 80 79 78 75 75 75 78 80 77 74 75 76 71 67 66 66 71 78 77 72 68 66 66 63 53 44 40 36 32 31 30 29 29 27 27 28 25 21 16 13 9 7 7 6 4 5 6 0 0 0 0 0 0 0 0 0 0
164 158 141 132 138 147 139 136 153 159 154 144 132 127 135 143 145 154 161 160 155 154 146 137 130 127 131 135 134 123 115 106 101 98 95 89 84 82 80 81 80 79 78 80 81 82 82 79 79 80 82 81 78 72 65 60 62 69 70 67 63 60 56 48 43 39 38 34 32 29 30 31 29 29 28 24 20 15 12 12 9 6 5 3 3 2 0 0 0 0 0 0 0 0 0 0
178 165 145 135 141 156 156 150 163 170 161 150 139 130 138 144 147 157 159 155 152 148 143 136 132 130 130 133 132 128 122 114 107 101 95 92 87 84 83 84 84 83 84 84 84 85 82 79 82 84 86 86 85 80 78 72 59 57 60 62 64 64 60 49 42 40 38 36 31 30 30 30 30 28 26 24 19 15 12 11 8 5 4 3 4 4 0 0 0 0 0 0 0 0 0 0
177 163 144 136 145 160 164 163 172 176 173 164 147 140 145 146 148 149 146 142 140 139 137 133 131 130 130 136 142 137 127 117 110 105 97 94 93 96 95 89 87 86 86 85 85 86 87 85 86 88 89 87 82 79 78 79 71 59 54 55 58 62 59 49 42 38 35 32 30 29 29 31 31 30 27 25 21 16 14 12 8 5 4 4 3 5 0 0 0 0 0 0 0 0 0 0
174 160 143 138 145 159 169 176 183 185 177 165 152 143 146 148 148 144 141 134 127 126 129 128 126 125 124 130 136 135 129 121 117 113 108 102 103 108 107 98 95 92 89 88 87 88 88 88 87 87 85 82 82 78 70 66 65 60 52 51 53 58 57 51 43 38 34 30 31 30 28 28 31 31 28 25 21 16 16 15 6 3 5 4 3 4 0 0 0 0 0 0 0 0 0 0
166 152 143 140 147 158 168 181 190 188 177 163 152 143 139 140 140 139 133 126 118 115 117 116 117 117 119 121 124 126 127 125 122 117 111 110 107 107 105 102 99 92 88 85 85 85 83 84 89 89 81 75 79 78 73 66 62 57 52 50 48 54 56 48 41 38 35 33 30 27 26 26 28 27 27 24 20 16 15 13 5 3 4 4 5 3 0 0 0 0 0 0 0 0 0 0
163 152 146 144 144 150 166 179 191 189 177 165 153 140 136 134 129 127 121 117 111 103 101 104 108 108 110 114 121 124 125 122 120 118 113 107 106 103 100 98 96 91 87 83 82 80 80 82 87 89 80 66 64 69 70 70 69 64 60 54 46 49 54 50 43 38 35 32 30 29 28 27 26 27 24 21 19 18 16 13 8 4 5 5 5 3 0 0 0 0 0 0 0 0 0 0
162 153 146 147 151 157 171 183 188 187 181 169 157 138 131 125 122 120 115 108 104 97 93 101 112 112 113 118 121 122 120 116 113 111 108 102 103 104 98 98 99 96 90 85 80 80 78 73 73 73 72 70 60 60 63 63 64 59 58 55 47 43 50 57 53 47 39 36 31 30 29 27 26 26 23 21 19 18 18 15 11 7 7 7 5 2 0 0 0 0 0 0 0 0 0 0
160 153 150 154 159 169 181 184 184 180 177 170 158 142 136 132 127 118 112 111 111 107 106 97 99 103 103 112 116 116 113 113 109 109 106 102 102 99 94 102 105 101 92 80 76 79 78 75 75 75 77 77 70 55 54 56 54 53 51 52 47 42 49 57 55 53 44 40 38 33 31 29 27 26 24 24 22 20 21 19 16 14 9 7 4 2 0 0 0 0 0 0 0 0 0 0
164 155 160 166 177 189 188 185 182 179 172 163 156 152 143 138 132 122 119 120 122 127 127 115 97 91 88 96 107 115 111 104 100 94 98 95 93 91 85 86 94 93 84 69 67 72 73 78 81 82 81 76 68 61 59 56 48 43 43 41 41 39 47 52 50 50 49 45 42 38 36 32 29 25 24 22 21 20 20 20 19 14 9 7 6 4 4 2 2 1 0 0 0 0 0 0
169 159 160 169 178 187 192 189 185 181 176 170 166 159 150 144 138 131 124 118 114 116 117 116 107 95 83 91 112 117 110 100 91 79 82 83 82 83 79 74 69 66 64 60 55 61 72 79 81 80 79 74 66 58 56 53 51 46 45 39 36 35 40 43 42 43 47 49 54 53 48 41 34 28 24 22 20 20 21 22 21 12 8 6 6 6 10 15 11 4 0 0 0 0 0 0
166 158 160 169 174 181 184 190 193 189 190 189 179 167 157 150 142 133 125 120 111 107 103 97 93 85 79 81 95 105 106 101 91 80 70 66 69 79 78 70 62 53 48 47 48 59 67 74 77 79 74 68 63 62 60 60 62 60 57 51 41 36 34 35 35 33 34 46 62 64 61 53 39 33 25 23 23 22 23 23 17 7 6 4 5 6 17 25 17 4 1 0 0 0 0 0
166 161 162 167 174 181 190 198 205 208 204 196 179 166 159 149 134 124 117 123 125 121 108 93 88 86 76 70 78 89 93 92 87 81 70 60 54 58 58 54 49 48 43 39 44 55 64 71 75 78 77 71 69 68 68 66 64 63 62 58 51 45 41 41 38 39 33 39 58 67 64 58 42 34 27 24 25 23 22 14 7 4 4 4 5 9 20 24 13 4 1 0 1 0 0 0
164 162 165 171 182 198 214 214 212 216 215 203 184 168 154 143 131 124 126 137 134 123 111 97 91 82 76 65 63 66 68 68 70 68 60 52 47 43 41 42 43 41 37 35 46 57 69 73 70 72 72 69 69 69 67 64 60 56 57 59 59 57 52 53 48 40 32 46 59 64 63 56 42 33 26 23 21 19 16 9 7 3 2 3 5 8 9 6 2 1 0 1 1 2 -1 0
165 165 169 175 184 206 224 229 229 227 223 208 189 168 151 140 133 127 123 125 123 117 108 102 89 80 75 70 64 58 55 52 51 50 47 43 45 50 57 61 62 53 42 39 51 58 64 66 64 65 64 62 63 63 61 56 52 51 51 54 59 58 54 54 46 33 30 43 52 57 62 57 45 35 28 24 21 16 11 9 6 2 1 1 1 3 2 0 1 2 2 1 1 2 1 0
169 167 171 178 188 203 225 238 243 244 231 213 193 166 142 125 123 118 108 106 106 101 92 89 81 81 84 87 84 75 70 58 48 48 52 59 70 83 87 79 76 70 52 39 48 51 53 59 56 55 56 58 59 59 57 53 52 51 47 49 54 53 53 52 49 36 29 30 40 48 51 43 36 32 29 23 21 16 9 6 3 2 2 1 0 0 0 0 1 0 0 0 1 2 0 0
178 176 176 184 199 209 228 246 253 253 236 216 193 166 139 116 108 106 99 96 96 89 80 72 68 74 83 90 82 76 69 60 56 64 75 83 85 88 82 67 62 58 41 31 36 45 48 48 46 49 55 59 62 58 55 53 53 49 45 45 48 50 52 51 46 39 29 23 27 30 30 29 27 26 24 20 18 14 10 6 1 0 2 1 0 0 1 1 0 1 3 1 4 1 0 0
188 180 179 184 195 207 223 236 240 237 225 208 188 164 138 124 112 102 88 82 83 78 70 65 63 69 75 76 72 69 65 62 65 77 87 85 82 76 64 55 47 38 25 26 32 39 41 41 44 52 58 62 62 57 52 51 47 44 42 45 50 54 57 54 49 40 33 28 27 24 21 21 22 22 19 18 20 13 9 6 0 0 1 0 0 0 2 1 0 2 2 2 2 0 0 0
196 186 185 186 189 199 211 217 214 213 206 191 176 151 131 128 122 107 91 76 70 66 60 57 62 70 70 72 70 68 68 64 69 76 82 81 76 65 58 53 41 32 25 29 38 42 46 46 47 48 51 54 56 55 49 45 42 41 43 48 51 53 56 55 53 51 50 42 32 25 20 18 20 21 22 22 19 14 10 8 3 1 1 1 2 1 1 2 1 1 3 6 0 0 0 0
191 194 202 202 195 191 195 190 180 177 181 178 166 145 122 117 120 116 105 91 79 68 59 54 54 64 69 70 71 71 69 62 69 79 80 76 69 68 69 58 41 26 21 30 42 44 48 48 42 41 44 51 56 53 44 37 38 41 48 48 48 51 53 58 62 60 57 45 29 21 21 20 17 17 20 22 18 15 16 16 11 5 3 3 3 2 1 1 0 1 5 7 0 0 0 0
