gps/cache/dem_SRTMGL3_43p530_43p728_6p975_7p292.asc
ncols        380
nrows        238
xllcorner    6.974583333291
yllcorner    43.530416666670
cellsize     0.000833333333
NODATA_value 0
[rows 0 to 57 of 238, columns 96 to 191 of 380]
633 635 638 637 632 622 612 605 605 604 606 611 615 614 606 597 588 584 597 610 605 581 560 533 520 512 505 495 482 474 462 450 441 435 427 416 401 377 360 359 360 374 384 390 398 401 390 374 366 367 371 379 389 395 391 383 375 371 365 350 342 347 356 370 378 378 377 376 369 360 346 329 326 334 343 343 332 316 299 284 265 249 232 229 234 237 232 230 236 239 238 241 248 255 266 287
621 620 619 617 612 605 598 587 578 570 569 571 579 582 574 564 560 558 568 584 592 577 551 522 504 492 478 467 460 454 449 435 423 415 412 402 390 376 355 341 343 357 367 370 376 382 375 360 349 350 350 356 366 374 379 376 363 357 360 354 339 336 343 352 356 354 351 347 341 334 328 319 308 308 318 327 319 303 289 277 265 252 237 225 225 230 230 225 223 222 223 227 235 247 261 276
622 612 609 608 606 599 588 580 563 536 527 539 548 549 545 537 530 538 544 555 568 561 533 507 495 484 460 440 435 430 427 418 404 390 391 388 377 365 353 339 327 335 340 348 358 365 359 344 334 337 339 346 350 354 361 362 354 345 347 349 338 328 328 335 343 338 332 330 326 319 313 309 303 296 292 297 296 288 279 271 262 251 242 228 218 218 221 220 216 214 217 226 238 249 261 272
626 609 602 595 582 577 566 551 537 507 493 512 519 515 519 518 511 514 513 519 526 525 508 493 482 468 448 424 413 410 406 399 389 376 371 373 372 366 354 340 325 320 325 336 344 346 344 335 328 333 338 336 338 343 346 347 346 338 342 346 340 329 323 322 327 327 320 318 319 310 300 296 295 291 284 275 268 267 266 262 254 247 246 237 220 210 210 213 210 212 221 232 240 253 266 276
637 616 593 563 535 518 512 508 500 475 475 491 494 491 492 494 490 490 485 483 489 490 483 473 462 453 442 420 400 390 392 390 381 371 360 358 361 359 352 340 327 316 313 322 332 335 334 327 325 331 332 328 327 330 334 332 331 328 331 339 339 333 327 319 317 314 306 299 297 294 288 283 282 279 275 270 260 246 243 245 241 236 235 230 220 208 204 204 204 212 223 230 239 252 266 277
638 622 602 569 529 486 463 460 459 452 455 469 471 470 473 474 474 476 467 461 462 458 454 447 433 428 424 408 389 374 372 376 375 371 361 352 350 348 344 338 329 320 312 312 316 322 322 316 318 327 328 322 315 317 322 319 320 325 328 331 334 330 329 331 327 317 310 301 293 291 290 284 280 273 265 262 258 246 245 251 252 256 248 235 220 209 206 201 198 208 218 223 224 240 259 272
633 614 596 565 529 490 456 437 433 439 448 453 451 452 460 463 462 462 458 446 439 432 426 421 410 396 388 384 377 365 361 362 364 361 356 350 344 339 339 334 328 322 315 308 303 306 310 308 314 319 320 316 305 305 311 316 326 330 330 331 331 329 329 329 326 326 325 321 319 318 320 318 306 294 287 288 280 264 261 271 273 269 257 246 231 214 204 198 195 203 206 207 207 221 246 262
623 598 573 540 513 483 454 434 427 434 438 440 440 444 449 450 451 452 455 445 434 425 417 409 389 365 355 353 346 345 350 352 356 356 351 346 340 335 336 337 333 327 320 314 306 298 295 294 302 307 309 310 297 295 313 330 340 343 342 337 332 328 324 322 321 323 321 321 322 324 327 329 325 317 312 313 309 291 277 285 285 275 261 256 242 226 210 200 190 186 192 196 197 209 229 243
581 566 537 508 487 464 445 429 422 426 428 429 431 437 439 440 443 443 444 441 437 430 421 411 402 384 362 345 334 337 344 346 347 349 345 340 337 333 331 335 336 335 328 320 309 303 302 299 293 294 289 286 285 303 325 339 341 341 341 341 337 329 323 318 314 315 316 318 322 323 323 320 321 321 322 324 322 314 298 296 289 279 269 262 246 228 215 207 208 200 186 185 186 192 208 221
533 524 500 483 468 452 436 423 415 416 420 422 425 428 431 432 436 434 435 433 431 427 415 397 388 383 375 357 335 327 334 342 342 340 340 336 332 326 322 325 329 331 329 325 319 315 319 323 324 321 307 279 273 295 322 335 332 326 323 325 328 325 322 318 315 311 303 301 301 306 311 315 316 315 317 319 321 319 313 301 285 278 270 264 251 234 221 213 215 215 200 188 186 183 183 196
482 478 471 464 456 446 437 425 413 409 413 416 419 422 423 425 427 425 425 423 423 421 415 401 383 367 359 343 325 317 325 334 338 336 334 331 327 325 320 316 316 322 325 325 326 325 329 333 337 339 334 308 276 268 299 321 322 315 310 309 310 313 317 322 326 325 318 305 293 289 294 304 309 310 309 310 313 316 316 305 288 275 261 257 252 242 229 218 212 218 220 220 222 213 191 181
446 448 449 445 441 437 432 427 416 407 405 408 412 417 420 421 418 414 414 413 409 408 406 398 385 374 357 337 314 306 311 322 332 333 330 328 326 324 320 316 312 313 314 317 320 326 331 334 339 346 347 337 304 266 262 284 301 307 302 297 294 298 304 314 322 329 328 317 302 289 281 288 298 302 305 303 302 304 308 308 301 286 269 255 247 241 232 221 213 214 221 226 229 233 221 192
422 426 430 431 429 427 426 422 415 405 402 405 409 410 411 412 410 402 398 397 389 387 386 382 376 367 356 338 313 299 302 310 320 325 327 325 322 320 316 316 315 312 307 308 311 320 327 333 341 346 349 350 339 306 273 256 269 293 298 292 284 285 295 305 311 318 322 320 307 289 274 280 288 292 293 296 296 292 293 297 297 294 282 260 244 236 234 225 218 214 217 223 229 234 233 209
406 407 415 418 421 421 416 407 397 398 400 402 402 399 395 394 394 390 384 380 378 370 368 366 359 347 339 331 307 293 295 300 309 316 320 321 321 319 314 313 314 313 307 304 304 313 322 329 336 341 344 344 343 335 313 282 257 259 277 281 276 278 290 300 299 302 306 309 306 288 271 270 280 284 285 287 288 287 282 278 281 287 286 271 246 234 229 225 222 217 216 219 227 235 240 232
401 385 391 404 412 409 394 382 393 396 393 392 392 385 376 373 374 372 369 367 365 361 355 347 346 337 316 304 299 286 289 295 303 311 316 320 320 319 316 313 312 309 311 314 311 308 315 322 329 333 334 326 325 326 321 306 282 255 248 257 258 266 275 287 293 288 283 292 296 292 280 269 270 275 278 278 275 278 275 266 259 264 271 264 249 235 226 221 220 218 213 214 223 232 243 246
408 381 365 375 401 403 369 358 380 385 379 371 368 362 357 357 358 357 355 353 354 352 345 329 322 324 315 299 289 281 283 287 295 304 310 315 319 320 318 316 313 308 311 311 308 297 297 300 307 313 318 312 298 293 287 274 263 254 237 232 234 235 232 246 266 276 264 275 292 299 294 283 269 259 257 261 263 269 272 268 254 250 250 246 238 230 224 217 215 214 212 215 221 231 243 252
417 403 379 352 363 381 358 330 346 365 361 346 340 337 336 341 343 343 343 343 341 341 338 331 313 300 301 301 289 273 271 282 290 297 305 311 315 320 323 322 320 319 318 316 310 304 301 291 284 284 286 284 270 258 255 250 250 253 255 249 245 244 238 225 229 242 234 234 253 275 290 293 281 262 245 233 240 254 266 261 250 243 244 244 237 227 219 214 211 207 207 213 221 231 242 252
423 414 394 361 338 349 358 331 315 328 335 326 318 316 321 325 328 329 331 333 332 332 329 326 319 301 285 282 278 265 261 277 289 294 297 305 314 320 325 327 326 324 323 323 322 322 319 313 303 294 282 274 265 268 283 294 297 300 295 289 281 276 277 262 235 220 214 212 212 224 251 277 285 279 267 243 225 222 232 234 229 226 224 223 226 226 222 217 211 204 204 211 222 230 241 249
416 409 399 375 337 325 345 350 323 304 303 304 296 301 308 312 318 320 322 325 323 318 316 317 313 307 291 273 261 254 253 272 281 287 294 301 309 319 324 328 332 332 333 334 336 337 334 329 326 322 315 305 297 294 299 305 306 304 299 294 288 283 282 284 275 261 257 254 233 209 219 245 255 250 248 249 230 207 200 203 206 209 206 202 204 211 217 216 212 206 199 206 217 227 241 249
395 386 383 372 346 319 323 338 331 313 292 282 285 294 300 305 310 313 314 316 315 306 300 300 298 297 289 272 255 251 253 263 279 287 292 299 306 313 318 325 334 337 338 339 341 342 340 336 331 326 318 308 301 292 288 292 296 295 292 286 284 285 288 288 287 280 272 261 238 204 199 205 201 194 196 209 205 182 169 180 188 188 187 185 191 201 208 213 212 206 199 202 211 221 233 244
372 361 356 351 337 315 302 313 315 312 301 282 274 284 296 303 305 307 307 309 309 305 297 289 286 283 278 265 249 244 253 272 291 299 304 308 313 316 319 326 334 338 339 339 341 344 344 339 332 323 316 308 299 290 281 280 283 283 282 280 279 284 296 299 296 285 272 260 241 214 200 203 210 208 190 180 177 175 169 161 164 165 166 167 180 189 198 206 209 205 199 197 205 215 224 232
358 345 333 329 319 306 292 295 305 307 305 294 271 267 277 292 299 302 301 299 298 301 301 297 286 275 267 260 246 239 250 270 287 299 308 314 316 319 321 329 334 337 339 340 345 349 350 345 336 325 313 303 296 289 278 273 276 278 275 275 276 283 294 305 305 295 284 276 268 257 246 256 261 252 236 222 216 216 197 164 146 148 154 163 174 182 187 193 200 204 198 193 194 206 214 220
347 336 325 316 307 294 281 285 297 302 303 300 286 266 263 275 284 292 294 292 289 291 297 298 295 282 263 252 242 237 255 282 293 300 306 309 315 319 321 328 334 341 342 345 350 350 350 346 341 331 318 303 292 282 276 273 271 269 270 270 272 281 289 299 300 296 290 280 274 272 267 268 267 265 260 254 248 237 210 173 146 139 147 157 162 168 176 178 189 195 195 186 188 199 204 211
335 326 318 312 306 295 275 278 290 299 301 302 300 285 264 259 269 281 287 288 286 285 287 292 294 290 277 262 240 242 260 280 294 302 303 304 308 316 320 326 333 337 340 345 350 351 349 346 342 331 319 305 295 286 281 276 269 263 262 261 261 266 272 281 286 285 282 278 273 265 263 261 262 262 261 259 254 244 220 182 149 130 132 141 146 154 163 171 179 187 191 186 179 189 198 206
324 320 315 309 303 290 278 270 280 293 297 301 299 291 275 255 260 272 282 284 282 278 280 287 291 291 284 265 240 247 269 286 294 300 300 297 298 311 322 328 329 332 335 341 346 346 345 341 339 332 324 313 307 302 297 291 284 272 260 253 249 250 254 260 268 269 269 272 264 258 257 255 256 257 259 259 258 255 236 208 176 140 130 132 134 142 151 160 168 176 182 182 173 173 187 196
316 312 308 302 296 286 276 266 266 272 281 285 288 288 283 261 252 266 277 281 280 276 276 281 284 289 286 266 232 239 270 289 295 293 288 289 298 311 320 327 327 325 329 338 345 349 349 344 337 334 333 330 325 323 321 312 300 286 274 262 253 249 241 242 256 258 256 258 256 251 250 249 249 250 251 256 260 259 247 227 201 177 154 136 127 131 138 144 152 157 163 170 171 163 168 178
308 304 303 300 295 286 278 267 258 261 264 269 276 282 283 271 249 257 271 278 281 274 267 267 270 283 291 282 247 226 245 266 270 270 277 289 301 312 322 325 319 314 327 338 345 349 351 347 346 347 346 345 340 340 338 332 314 295 280 271 257 251 235 234 255 267 264 253 245 241 243 246 246 246 245 250 255 259 258 241 222 199 177 150 125 128 139 149 154 158 162 168 172 169 163 164
298 297 301 300 299 296 292 285 271 258 249 246 257 271 281 280 263 245 246 258 265 264 257 248 244 260 283 291 261 223 222 241 261 275 291 301 309 314 317 312 302 309 325 335 338 338 343 350 357 354 351 347 344 342 338 327 309 292 278 269 260 251 229 229 251 268 276 270 257 243 237 237 242 245 250 256 260 264 262 252 231 207 183 152 124 118 129 152 165 172 175 177 179 178 172 171
293 292 298 302 305 304 301 296 290 280 265 245 239 254 271 288 288 274 254 240 234 231 225 225 219 236 266 282 251 213 224 258 284 299 309 315 317 318 312 297 291 305 318 324 323 323 335 349 356 355 346 337 330 328 322 310 294 279 267 259 258 249 229 216 236 255 267 271 264 252 246 241 235 234 242 257 265 269 265 256 236 209 180 149 119 107 116 145 172 190 193 192 188 182 180 180
287 287 294 298 304 306 305 302 298 293 286 267 241 230 250 281 300 304 297 281 269 251 232 216 199 206 234 254 226 204 229 265 286 304 313 320 319 319 314 298 285 289 298 304 306 317 333 347 354 350 337 323 311 309 304 293 282 268 256 247 244 242 232 213 214 235 251 261 259 253 249 248 246 238 234 247 260 264 263 255 237 207 175 139 116 105 107 129 157 185 202 204 195 187 180 182
284 285 293 299 307 313 315 312 308 304 303 288 254 229 233 267 296 317 323 319 312 299 282 261 232 197 203 215 203 209 242 275 294 307 315 320 320 314 309 299 283 273 275 287 303 318 332 343 348 343 326 308 296 289 283 277 270 259 250 237 232 231 229 218 202 218 238 246 254 255 251 248 245 240 232 239 254 259 254 245 224 204 169 131 108 101 112 135 165 188 201 201 192 182 177 174
281 281 287 297 309 321 327 324 317 310 310 296 253 226 227 259 294 327 338 338 333 323 313 289 261 220 185 177 190 221 261 292 308 318 324 327 322 313 303 294 284 272 266 281 302 316 328 336 336 330 312 295 282 274 267 264 255 248 240 229 221 220 220 214 200 207 222 230 239 248 255 252 244 236 227 237 253 261 255 238 209 185 161 128 106 98 119 147 166 179 187 198 198 185 175 170
280 284 291 301 314 324 328 323 316 308 303 291 250 215 224 258 295 330 341 343 338 330 306 271 253 219 181 168 204 245 283 314 323 328 332 330 321 313 306 300 292 278 265 273 292 303 314 318 317 310 299 283 273 266 257 251 245 239 232 224 212 201 200 202 189 189 198 203 204 218 239 247 241 233 220 225 243 252 245 232 206 177 157 123 98 97 116 137 155 165 169 186 195 186 177 169
283 293 300 305 312 312 313 313 306 292 289 272 238 205 213 244 283 320 333 334 330 312 280 243 205 181 162 176 217 264 302 322 331 336 338 331 319 309 302 299 292 279 262 264 281 289 293 296 291 286 278 270 261 255 250 244 239 231 229 231 228 217 198 181 170 172 174 172 172 181 200 226 234 235 219 208 217 230 231 220 203 180 152 116 96 97 110 124 142 160 170 180 181 172 169 167
280 282 275 274 273 271 268 270 264 264 262 259 230 199 195 223 264 308 321 322 321 296 257 212 166 155 176 200 238 274 310 326 331 333 331 321 310 300 295 293 284 269 256 263 271 274 274 273 271 266 263 257 250 245 245 241 239 234 232 234 233 228 213 193 170 151 147 149 150 157 170 190 212 217 207 193 192 202 206 204 188 171 145 119 97 92 98 114 137 159 178 187 170 149 148 160
244 232 216 206 210 213 203 205 200 202 219 233 219 193 176 195 245 290 308 308 305 280 243 196 160 156 189 222 258 295 324 331 332 328 320 310 298 290 287 284 277 261 252 261 272 274 270 261 255 249 250 250 242 239 238 238 235 229 228 230 233 234 226 209 181 146 126 128 135 143 151 161 171 177 181 176 169 170 175 176 177 167 139 113 95 87 91 110 133 157 178 181 158 139 145 164
183 159 145 143 161 176 154 141 129 140 165 177 179 162 159 198 248 286 295 294 283 262 234 195 160 139 166 210 257 296 323 328 324 318 308 299 289 283 278 274 272 257 244 258 272 278 273 261 251 245 239 239 238 235 231 229 227 224 219 221 229 235 231 208 177 147 125 116 124 132 137 142 149 152 155 160 154 144 148 161 174 168 143 118 99 86 90 108 126 155 174 173 144 128 146 171
114 96 89 89 100 123 110 88 77 83 107 123 129 138 170 213 258 282 285 281 269 251 232 197 159 133 158 202 245 287 310 314 308 301 294 289 279 274 269 263 263 254 237 247 263 270 271 262 250 238 231 230 229 226 224 225 228 225 215 216 224 230 223 197 169 145 125 109 109 118 123 124 127 128 137 148 145 129 138 160 184 187 158 124 96 85 93 105 121 149 172 166 137 115 126 151
90 104 116 105 88 88 89 102 104 79 81 112 144 184 215 245 265 272 273 271 262 245 234 197 159 125 139 177 222 266 293 297 294 290 284 277 269 264 261 251 245 244 231 230 249 259 263 261 252 239 230 226 225 223 221 223 230 224 211 207 216 215 196 172 153 136 125 110 103 106 109 105 103 111 123 131 135 122 124 148 179 189 164 132 102 85 83 97 117 141 167 173 141 110 105 129
138 169 188 176 149 136 134 129 107 80 78 123 166 208 235 255 261 263 264 263 251 236 226 202 161 120 120 164 213 257 282 284 281 277 272 264 257 252 248 239 230 230 224 219 235 252 256 256 252 250 242 234 229 219 214 218 223 221 209 201 202 191 170 149 139 125 119 116 104 98 96 93 92 99 106 119 129 119 110 128 158 182 173 145 104 80 84 97 116 140 166 182 156 125 103 109
205 227 242 226 199 184 155 109 76 75 89 124 144 159 197 230 250 255 254 251 237 218 208 191 152 110 121 161 202 238 264 271 271 272 267 259 248 239 233 225 214 210 211 214 238 250 254 252 246 244 247 245 237 223 208 205 211 215 203 185 167 152 136 124 117 114 105 102 106 101 92 88 88 90 92 107 123 124 108 108 133 165 171 148 108 80 86 94 113 136 160 178 169 143 111 94
269 291 299 278 245 194 142 89 68 74 81 83 86 100 148 192 230 245 248 242 226 203 188 181 155 114 108 136 173 204 235 257 263 264 262 263 261 253 245 233 215 198 196 212 234 245 244 243 241 238 240 239 231 220 208 189 190 197 185 160 136 123 115 104 95 95 93 89 98 104 101 95 87 84 86 100 118 128 120 106 115 140 155 142 109 84 83 93 109 134 154 172 172 152 126 110
310 317 314 304 278 233 165 125 92 82 80 80 70 64 103 160 202 228 228 225 211 189 170 159 133 109 101 125 160 197 231 256 260 254 255 261 264 262 254 241 222 199 189 206 229 239 239 235 234 232 233 235 224 215 204 183 165 159 151 139 126 114 106 96 87 81 82 82 88 96 101 99 90 81 80 91 110 122 128 113 99 116 137 124 98 76 81 91 105 133 154 174 181 168 158 151
303 302 303 298 286 265 229 196 177 155 145 135 97 67 90 145 188 210 205 196 191 175 152 132 101 90 106 138 184 217 230 241 243 239 240 252 257 255 248 236 221 198 182 198 221 234 235 231 229 226 222 222 220 210 192 172 154 138 125 115 111 107 100 94 87 80 77 76 78 82 91 95 91 80 77 81 92 110 122 120 103 96 116 114 88 76 81 89 105 134 156 171 170 163 158 145
294 288 288 286 282 272 264 249 230 210 193 159 110 67 84 132 172 180 164 157 156 149 130 106 83 85 126 166 205 227 220 219 224 224 229 239 244 243 238 229 212 188 175 188 208 221 228 229 229 225 216 206 206 199 172 152 141 132 125 115 106 99 94 91 87 81 75 73 72 74 81 87 89 83 75 75 83 94 110 118 107 91 96 101 83 69 74 87 108 130 151 168 168 158 147 138
284 275 273 275 273 266 258 252 242 217 188 154 114 71 71 114 135 131 121 114 116 119 105 75 71 87 129 172 204 215 211 201 200 209 222 226 227 226 225 217 205 183 169 176 194 206 216 222 224 215 208 193 178 169 152 134 126 121 118 112 105 98 92 84 79 80 76 70 67 69 75 81 85 88 81 72 75 82 95 111 114 95 81 78 69 68 77 86 102 125 141 158 173 171 165 161
272 262 262 260 259 257 253 249 231 196 162 127 95 63 58 71 79 86 82 78 79 82 75 64 87 118 149 173 188 194 192 186 179 192 214 217 211 208 207 205 193 176 162 158 179 191 201 209 214 210 200 181 161 142 131 122 114 108 104 101 97 93 87 80 76 77 81 73 65 65 67 74 79 84 85 77 69 70 79 95 112 111 95 74 65 67 74 80 95 116 132 145 161 167 161 160
263 253 247 244 247 247 242 237 222 188 151 114 76 55 54 54 56 54 53 49 49 50 56 73 108 149 179 190 192 191 188 178 168 175 197 208 202 195 192 193 184 166 157 144 158 172 180 187 192 187 174 157 140 128 122 116 111 105 98 92 88 87 87 80 74 71 75 76 70 63 62 67 75 81 84 82 72 65 69 80 98 114 113 93 68 64 69 77 91 111 129 146 164 170 163 151
254 245 238 240 246 248 247 239 230 201 165 118 76 62 61 78 87 78 64 51 42 47 69 90 122 160 191 202 200 195 192 191 182 162 161 175 185 183 180 184 177 160 141 130 129 141 147 154 154 147 138 126 117 111 103 103 105 106 103 97 87 80 79 81 75 68 64 68 72 64 59 62 71 76 81 84 78 66 64 71 92 117 121 101 71 66 68 77 87 103 126 150 165 172 173 165
240 235 231 235 245 253 253 244 236 207 166 118 83 88 107 126 142 137 103 60 43 44 56 76 117 154 191 210 207 196 190 186 180 165 143 140 156 164 169 172 165 145 128 117 104 104 106 114 119 117 113 107 100 94 91 93 96 99 99 98 94 83 75 72 69 65 61 60 64 67 61 59 62 70 75 82 80 69 60 64 82 98 106 93 71 64 65 71 80 101 127 144 156 165 161 156
237 228 225 228 234 242 241 231 216 186 145 113 108 129 145 158 173 172 135 76 46 42 42 62 103 145 183 207 207 201 192 183 176 165 147 126 126 134 146 153 146 134 120 103 94 83 84 95 101 100 97 94 89 87 86 87 88 89 90 88 90 90 86 79 72 67 64 62 59 61 61 57 59 67 73 79 83 76 65 58 64 81 97 93 72 61 62 70 78 101 127 137 151 162 163 156
239 233 225 221 218 215 205 189 167 140 122 119 142 157 157 154 157 156 137 98 57 42 39 51 86 134 170 193 200 199 195 180 169 159 147 127 107 104 115 127 124 117 107 98 90 76 72 80 84 86 84 82 79 79 78 78 78 83 83 76 78 85 89 88 84 79 77 72 62 57 55 55 55 58 67 74 80 76 61 55 62 76 90 90 72 60 59 65 75 98 123 133 143 155 162 160
225 224 216 211 206 185 162 150 141 141 148 165 190 194 186 174 164 155 141 110 73 49 41 44 76 124 158 181 192 193 189 176 164 150 135 119 102 89 90 102 102 95 87 84 85 74 65 66 70 70 71 72 76 79 80 76 74 74 76 70 68 72 82 89 89 88 86 81 73 65 59 55 53 53 57 67 73 70 58 55 62 73 86 89 72 60 60 65 77 101 125 135 146 155 158 153
198 194 183 178 179 166 167 182 193 203 216 230 237 228 215 200 183 166 142 115 84 65 47 44 61 100 131 165 180 180 178 172 154 128 102 85 78 69 69 77 81 78 68 61 64 60 52 53 60 66 83 92 99 109 111 96 82 74 67 62 59 65 72 79 86 91 92 91 85 77 70 64 53 51 53 60 66 64 56 55 64 73 82 86 70 57 57 62 80 107 127 126 135 147 153 152
193 186 186 186 179 189 216 235 244 251 250 248 243 230 219 205 191 179 160 129 95 75 61 51 46 57 78 116 162 167 157 140 117 89 71 62 55 49 45 46 49 51 51 45 47 52 59 69 71 76 93 103 112 123 131 127 114 90 81 64 50 54 59 69 80 88 96 98 93 88 83 75 64 56 52 56 60 55 53 59 67 76 82 83 70 57 55 59 79 112 133 128 123 125 132 141
199 202 210 209 199 206 228 241 248 253 250 248 240 229 219 211 203 194 174 140 107 95 105 97 71 50 42 60 108 129 111 93 81 65 50 46 40 37 32 31 33 32 38 50 69 92 121 123 107 101 107 121 134 142 141 134 128 115 101 76 56 46 48 57 71 80 87 92 95 94 91 85 78 67 55 51 52 50 51 60 74 79 83 84 75 58 53 57 78 109 133 135 121 106 108 117
228 229 229 226 213 211 228 239 242 246 249 246 240 234 230 224 215 201 177 145 122 124 141 147 125 89 55 41 60 81 70 61 60 56 40 35 35 34 34 35 35 33 44 74 104 131 144 140 123 120 123 129 139 143 138 133 130 120 107 83 70 55 43 49 60 70 77 84 88 91 93 94 90 80 67 53 49 49 54 65 72 78 85 86 72 55 53 56 77 105 129 139 127 106 96 93
234 238 237 236 227 218 223 232 238 245 250 252 250 244 238 230 217 201 177 155 136 142 162 174 166 138 101 67 42 43 43 41 46 45 36 39 50 54 56 52 37 34 55 93 127 147 154 152 136 125 125 128 133 134 134 134 131 118 104 92 73 53 37 40 52 65 71 73 77 82 86 90 90 85 76 62 49 47 48 58 68 76 82 83 68 53 51 56 70 95 118 129 130 119 109 97
