gps/cache/dem_SRTMGL3_43p530_43p728_6p975_7p292.asc
ncols        380
nrows        238
xllcorner    6.974583333291
yllcorner    43.530416666670
cellsize     0.000833333333
NODATA_value 0
[rows 0 to 57 of 238, columns 0 to 95 of 380]
965 975 964 938 913 894 882 872 861 849 836 819 805 789 766 739 719 709 702 660 568 523 448 358 305 255 268 329 391 438 503 573 621 688 753 792 818 835 852 860 867 876 889 902 903 907 915 926 943 955 969 985 1003 1024 1051 1087 1137 1202 1228 1228 1212 1195 1179 1156 1139 1129 1121 1111 1092 1073 1051 1025 1002 977 955 928 905 883 861 839 816 802 804 815 826 824 812 802 796 784 764 732 697 668 647 635
916 924 915 892 873 858 847 834 822 810 796 781 774 766 748 730 718 708 682 603 537 458 386 337 270 233 266 309 366 411 471 559 608 657 731 770 800 822 840 845 848 859 870 894 918 932 939 952 968 986 1005 1030 1059 1083 1125 1178 1210 1231 1229 1222 1214 1200 1183 1163 1142 1125 1108 1100 1086 1062 1037 1008 981 953 931 911 890 870 852 833 814 788 783 803 814 811 805 797 788 767 741 713 687 664 643 630
877 882 873 854 840 833 825 816 804 785 770 758 757 750 725 699 697 686 623 552 481 395 329 277 224 230 257 293 323 370 427 533 601 647 703 741 776 805 824 836 842 847 857 878 919 945 959 976 998 1023 1050 1081 1113 1141 1165 1188 1201 1205 1201 1196 1196 1195 1185 1169 1148 1129 1112 1086 1072 1057 1035 1005 968 941 924 906 886 867 847 825 803 774 764 779 795 802 801 794 775 751 726 703 682 664 650 633
849 848 842 830 821 815 810 797 786 768 754 746 737 719 691 649 639 629 564 518 402 332 268 219 216 239 264 296 322 370 420 528 590 629 690 735 771 804 820 828 836 844 854 869 904 934 951 972 995 1019 1041 1066 1092 1108 1123 1136 1147 1155 1162 1164 1165 1166 1162 1153 1142 1127 1106 1083 1058 1040 1020 996 963 935 915 899 881 860 838 813 792 768 745 740 763 792 793 784 763 738 714 693 677 660 651 641
837 826 818 815 810 803 791 779 768 755 740 725 693 661 629 592 568 565 535 449 368 290 221 208 230 260 284 310 333 359 402 556 618 657 740 764 794 814 822 824 830 839 845 859 890 916 933 950 963 979 996 1020 1036 1048 1060 1071 1081 1093 1114 1121 1128 1131 1127 1119 1115 1108 1091 1071 1043 1017 1002 988 962 938 910 883 864 848 827 803 780 755 733 718 732 774 785 780 766 746 724 701 684 671 664 653
818 807 801 800 798 785 771 760 750 736 716 695 660 624 577 535 511 513 481 401 335 240 204 219 257 286 308 330 351 406 456 585 653 690 769 797 809 810 807 810 818 830 835 848 877 903 917 931 943 953 965 980 994 1004 1013 1019 1023 1031 1051 1068 1081 1090 1091 1086 1083 1081 1069 1050 1028 1005 981 961 948 933 912 886 857 829 809 790 768 739 715 700 709 741 762 766 765 752 735 717 702 685 668 654
788 780 774 772 773 763 754 739 726 694 660 648 620 589 539 484 447 418 393 342 265 207 202 229 264 298 328 351 374 424 476 512 623 668 705 767 784 784 783 795 812 825 834 843 868 891 907 919 929 940 949 958 965 969 970 974 978 986 994 1004 1007 1016 1031 1042 1048 1050 1042 1024 1004 987 967 938 909 898 895 879 854 833 811 786 759 730 703 687 682 699 714 726 728 723 717 710 694 679 664 649
773 768 755 751 746 742 735 729 694 650 612 588 562 539 454 416 359 341 301 254 217 200 209 241 274 304 336 361 385 412 453 483 578 635 649 687 720 734 756 789 814 827 836 850 874 888 899 908 914 923 928 933 935 935 939 936 938 947 951 954 957 959 976 992 1003 1013 1012 997 973 952 934 912 880 860 859 856 842 830 814 793 768 741 710 682 665 657 658 665 671 668 667 654 636 625 625 630
754 745 741 740 737 731 724 712 680 633 597 545 500 459 407 357 309 279 250 214 193 193 221 254 289 313 329 340 355 373 396 427 486 573 627 679 699 721 753 797 820 830 844 860 880 886 888 891 895 900 905 908 907 906 907 904 904 908 914 920 928 933 935 948 960 965 970 963 942 916 896 876 856 833 824 824 823 814 804 790 768 741 714 692 668 646 624 614 608 605 606 593 573 561 566 578
726 724 736 745 745 741 721 687 656 601 565 505 459 420 377 338 298 262 237 211 190 193 217 239 265 284 293 305 328 359 382 408 451 507 601 681 727 747 771 796 819 841 861 870 875 876 878 878 876 880 885 886 878 874 876 878 882 883 887 891 899 906 913 918 922 922 921 920 910 886 864 846 831 816 801 797 801 792 779 772 768 758 740 719 700 673 643 614 584 560 547 534 517 503 507 521
674 687 711 729 754 748 708 665 624 568 522 476 434 388 353 308 277 252 233 211 191 192 217 238 251 270 290 317 350 373 389 417 453 500 558 660 709 727 745 762 791 825 858 872 874 870 867 867 867 867 865 863 859 858 865 873 873 867 868 870 873 880 886 895 895 889 882 876 872 856 837 818 806 795 774 764 774 769 752 750 761 757 748 737 718 694 674 653 625 584 546 518 495 465 459 468
621 640 659 679 699 703 681 658 610 560 501 458 408 371 328 291 262 245 219 195 180 192 215 245 269 286 305 331 351 371 395 418 448 483 531 596 661 685 702 718 750 786 827 864 876 869 865 865 862 855 847 844 843 847 856 863 864 860 857 857 857 860 865 875 877 867 855 842 835 827 814 788 767 753 735 724 741 753 741 731 743 741 734 725 712 697 688 674 650 618 577 550 509 472 446 442
549 573 599 615 621 624 634 622 587 535 492 449 408 370 326 287 252 231 201 180 185 200 216 243 263 285 306 325 345 370 399 419 441 481 523 566 610 633 652 679 714 755 798 841 865 865 872 867 856 841 835 834 834 836 840 845 847 847 845 843 845 849 853 863 862 851 836 816 800 793 784 769 746 722 694 690 705 724 728 714 718 720 715 710 699 692 680 660 635 606 575 544 506 476 450 429
529 503 522 547 551 553 566 555 527 498 465 425 392 352 316 279 249 226 199 174 188 206 221 238 260 281 299 319 341 367 395 411 436 472 504 534 565 586 613 652 694 738 778 817 840 853 859 851 838 826 825 824 825 828 825 829 833 835 832 831 835 840 848 855 848 836 817 793 768 748 736 721 710 698 672 655 665 685 697 691 693 700 699 698 694 682 660 632 601 573 547 518 492 471 448 423
580 484 458 477 483 484 493 488 473 449 420 394 363 333 297 268 243 217 190 171 183 200 217 234 259 275 293 317 340 367 388 407 428 446 460 483 524 551 599 642 682 718 751 783 804 814 818 815 808 807 803 802 806 812 808 810 814 817 812 819 830 840 846 845 836 817 789 763 742 720 700 675 660 649 640 624 628 656 673 668 675 687 685 684 680 663 634 601 570 542 517 498 482 465 444 424
568 473 433 420 421 423 432 432 422 402 380 364 347 324 284 260 232 206 185 169 178 200 218 234 254 280 302 323 346 367 378 390 404 412 423 446 495 549 592 627 654 677 714 744 770 780 784 786 783 782 782 780 785 790 791 796 802 801 791 801 814 834 839 831 823 804 770 740 713 691 679 659 633 616 606 596 604 636 657 652 654 671 668 659 652 632 600 569 543 520 500 487 474 457 442 427
556 481 436 391 370 367 378 376 370 354 339 326 315 299 271 248 224 202 179 166 182 205 226 239 259 278 295 323 346 353 352 355 368 387 410 438 483 533 565 592 613 639 683 725 755 767 772 774 773 769 768 765 766 775 788 795 795 783 766 763 779 799 810 808 802 789 761 730 696 667 646 632 619 607 587 576 583 607 627 629 624 630 629 617 603 586 561 536 521 504 490 478 463 448 438 429
568 519 464 404 362 335 325 324 318 310 301 293 278 260 249 229 214 201 176 163 178 197 214 236 256 272 282 308 326 325 319 330 354 381 410 434 469 501 523 558 594 633 672 704 735 748 754 765 765 762 751 736 734 752 767 770 762 749 731 717 723 739 752 762 769 771 759 730 700 672 638 610 591 592 591 571 564 575 586 589 578 579 579 573 560 547 531 521 507 496 484 472 454 441 435 431
613 561 514 440 388 346 320 305 291 279 270 262 249 229 221 207 192 186 172 162 164 176 194 223 248 260 275 296 296 294 305 328 352 377 397 413 435 462 499 540 577 605 636 671 695 703 720 730 737 732 715 695 694 715 723 717 709 695 679 658 657 670 687 706 714 724 727 700 681 670 639 603 568 565 581 578 557 542 537 541 540 544 545 541 533 524 516 507 497 486 470 462 447 438 433 427
630 563 512 455 403 365 343 326 307 285 269 259 245 234 228 219 206 194 179 166 157 159 177 203 233 247 262 268 268 278 301 320 341 360 376 390 409 439 469 500 530 557 589 633 655 663 679 691 696 695 676 651 652 667 664 659 646 637 624 607 584 585 605 612 631 646 653 638 629 636 629 595 555 540 550 562 548 510 488 488 502 517 527 525 515 498 487 482 477 466 459 450 440 431 420 407
629 568 511 456 425 401 379 355 339 320 296 281 270 257 246 240 235 218 194 174 161 156 167 190 219 230 237 242 257 272 291 308 322 338 354 373 392 411 433 456 484 522 555 594 617 620 632 649 652 645 628 606 604 610 597 590 589 583 574 565 539 521 537 539 539 546 560 564 574 595 607 588 556 524 512 519 513 481 450 439 455 485 503 505 492 474 460 460 463 460 448 435 429 419 401 382
633 602 548 502 471 439 411 386 373 357 321 292 281 277 272 264 255 236 214 191 173 159 164 178 197 208 216 230 249 264 282 301 317 331 347 363 381 400 419 440 461 499 531 559 568 573 585 596 600 593 575 560 547 547 536 534 534 531 521 510 496 481 483 488 475 479 488 507 530 551 569 564 547 522 492 474 470 454 428 409 426 454 475 479 470 450 439 442 442 437 427 414 408 401 391 373
663 645 601 553 509 474 446 420 399 380 345 311 297 295 285 277 265 246 227 204 183 160 157 170 183 192 206 220 243 262 278 296 314 325 336 349 373 392 408 422 433 456 485 498 498 510 530 542 544 536 524 512 495 492 490 488 486 479 470 461 453 445 447 449 438 442 453 470 492 523 540 530 518 505 485 457 437 423 405 388 402 435 457 456 445 426 420 419 413 408 402 393 385 380 372 361
673 661 638 596 551 515 481 455 427 406 373 338 317 305 299 286 271 257 242 215 192 167 153 154 161 173 187 203 225 246 260 277 296 311 321 331 348 364 381 396 404 414 429 435 442 456 478 490 495 489 474 466 457 461 460 452 447 441 434 424 417 414 417 416 409 412 414 433 459 495 514 499 483 473 467 454 431 406 386 377 391 421 440 438 424 409 399 397 392 386 382 375 366 356 348 343
671 663 655 642 601 552 512 486 455 431 400 365 341 319 308 297 283 266 249 228 206 186 176 166 158 156 168 190 206 215 228 245 267 288 302 313 326 342 358 367 371 382 392 390 401 420 436 446 449 450 441 435 427 431 430 418 410 406 402 397 389 381 385 386 385 385 387 402 428 463 484 479 458 442 435 433 427 413 391 373 378 405 423 422 409 396 386 382 379 377 370 360 350 341 333 327
663 657 652 651 627 587 545 513 482 453 418 390 365 338 323 311 293 276 259 243 226 216 213 200 181 159 153 167 176 182 196 220 241 263 280 299 310 321 330 334 346 358 363 356 368 385 406 417 416 413 411 410 404 398 395 384 378 376 375 377 372 360 356 358 356 359 359 369 392 428 455 460 445 424 410 407 410 409 392 366 361 389 407 405 390 376 371 371 368 364 357 348 338 329 323 319
651 656 657 657 650 628 586 551 519 486 443 412 395 372 355 340 316 291 275 258 245 239 226 215 200 176 157 150 149 160 176 198 219 242 265 286 293 296 304 312 323 335 333 334 344 359 374 384 386 384 380 381 379 374 371 361 354 353 353 356 356 341 334 335 332 329 331 342 359 391 418 436 433 417 399 388 388 390 380 359 350 372 387 386 375 366 360 357 355 351 345 339 330 323 316 311
640 650 657 658 658 651 628 594 568 541 494 446 418 396 376 359 340 319 293 276 263 253 237 224 213 199 180 163 151 147 160 175 197 223 240 257 263 268 280 292 301 307 306 313 320 335 347 352 358 360 356 354 358 358 352 341 330 327 329 330 328 315 304 306 306 308 308 312 329 352 383 405 404 401 390 378 368 370 365 355 343 348 362 368 366 361 354 350 344 341 336 331 323 316 310 303
629 642 650 656 659 653 643 624 597 562 517 468 434 411 396 370 342 316 294 279 267 259 249 238 222 209 194 179 161 145 146 160 182 200 211 218 229 241 253 264 276 282 283 287 296 310 320 326 331 335 337 337 341 342 335 319 309 304 300 301 297 284 271 276 282 281 280 284 299 317 349 366 365 372 376 364 350 350 349 349 340 334 339 350 355 353 346 341 336 331 325 320 315 310 301 294
617 628 636 642 645 640 632 624 600 560 517 478 446 422 398 360 339 316 298 281 272 264 253 241 227 211 190 178 168 149 142 156 178 187 187 192 209 223 231 241 254 262 259 262 272 283 295 303 310 315 319 323 326 329 320 300 291 286 283 281 269 255 244 252 260 253 251 253 264 283 301 315 319 326 333 336 330 317 330 350 353 335 321 326 338 341 337 334 331 325 318 313 311 305 295 290
598 605 602 600 599 595 589 585 569 550 523 489 457 431 396 360 338 318 301 280 269 257 243 232 219 207 186 171 160 144 139 144 155 165 174 179 189 207 220 232 238 240 238 242 253 265 276 279 283 291 300 305 307 307 294 280 282 278 268 262 250 229 217 226 234 232 222 220 228 236 245 259 260 266 276 285 288 274 288 320 345 346 320 298 311 328 324 322 321 318 314 307 301 297 292 287
566 565 551 541 539 535 529 522 517 506 498 479 448 422 392 363 341 320 302 287 279 267 250 238 225 209 188 167 152 139 133 136 142 151 160 169 181 199 208 216 225 227 224 228 238 249 253 251 258 270 283 285 285 285 274 263 263 258 253 241 225 210 195 203 208 205 196 189 190 196 199 209 209 210 218 223 220 218 242 273 300 314 306 273 272 300 312 314 310 309 304 300 294 290 289 283
515 515 502 488 477 476 472 472 474 467 456 442 418 394 377 363 347 336 325 310 292 273 256 243 230 214 190 173 157 139 133 134 137 142 146 152 163 173 187 200 204 208 209 216 225 236 235 230 240 252 264 264 260 260 256 250 241 232 225 213 202 193 181 178 177 171 166 155 154 156 155 155 158 161 165 177 168 166 189 218 252 264 256 219 216 266 294 301 301 301 303 300 285 271 269 270
472 467 458 446 439 435 430 430 430 425 417 406 390 367 350 341 334 327 318 302 285 266 254 242 230 216 200 187 169 147 137 135 134 136 136 137 148 158 169 180 182 187 189 199 216 225 223 210 215 230 239 236 231 233 234 230 229 217 205 196 186 181 167 149 143 138 135 130 125 123 123 125 119 116 122 122 116 115 137 165 185 196 198 166 160 206 259 278 286 298 307 294 269 251 248 265
437 429 417 409 403 394 385 383 388 390 385 375 362 342 333 326 314 304 293 282 272 262 250 234 222 212 203 194 170 145 138 137 136 133 132 132 134 140 147 154 161 167 170 182 197 204 196 184 196 208 214 214 209 208 210 207 204 199 190 182 177 165 147 125 121 123 123 125 142 171 191 193 180 164 150 146 132 112 105 115 119 122 133 118 123 162 203 223 231 240 269 268 240 222 246 270
403 391 381 375 369 360 347 346 351 358 356 350 340 329 321 313 304 292 278 264 256 247 236 221 210 199 189 181 160 143 141 140 136 133 131 132 132 132 134 140 147 153 155 159 163 169 169 165 176 182 181 182 183 180 183 181 175 166 161 160 152 136 125 128 150 169 183 204 226 245 256 252 232 217 211 210 192 166 143 125 115 108 105 100 96 116 143 162 167 183 208 214 187 174 206 239
372 367 363 351 342 333 323 320 322 328 333 331 324 311 305 297 284 272 258 244 235 228 216 209 200 193 183 171 157 145 143 142 138 138 137 135 132 131 129 129 133 137 137 137 138 139 141 140 141 140 141 147 151 149 149 143 136 129 131 131 124 124 140 166 194 219 240 266 292 315 324 325 316 306 296 282 257 221 184 159 148 145 143 130 111 99 98 107 109 119 142 146 117 113 145 179
355 351 344 331 318 306 300 299 297 300 305 304 301 291 284 275 258 244 237 228 220 212 201 192 183 183 178 167 158 152 145 143 142 144 148 149 145 141 135 130 129 133 133 131 127 125 127 129 127 121 123 126 126 127 126 126 133 134 130 129 139 160 196 223 246 280 301 330 350 356 351 344 330 318 309 302 285 253 211 185 175 174 168 161 153 142 127 115 105 98 96 97 86 83 99 127
365 354 348 340 331 316 296 279 270 269 276 277 273 266 263 254 241 231 222 214 209 198 189 179 172 167 164 160 158 164 169 161 152 151 158 164 171 176 179 172 163 160 158 159 158 155 152 150 149 140 130 131 137 141 144 152 162 160 157 163 184 225 261 285 308 323 328 339 350 352 347 338 329 320 310 299 289 263 230 209 201 204 208 207 209 206 198 182 161 138 121 119 116 98 85 90
389 367 359 352 343 325 308 290 266 253 253 251 249 245 241 234 225 212 203 197 191 183 176 172 167 164 164 172 179 186 186 190 187 180 181 187 191 197 200 201 199 198 198 193 189 188 182 177 175 174 173 168 165 167 179 191 195 195 199 212 238 271 303 325 335 334 327 332 338 339 337 333 324 313 305 300 290 272 253 244 244 251 258 259 255 255 252 236 210 185 173 173 158 129 109 120
413 387 371 366 354 335 318 299 272 248 237 233 229 228 225 216 207 197 191 185 181 180 174 170 169 172 179 187 195 202 204 210 214 216 224 231 228 226 228 229 223 222 219 212 210 207 202 199 195 197 201 201 190 194 209 220 226 231 239 262 286 306 324 336 343 343 337 330 325 324 322 321 323 320 308 296 285 279 281 282 287 287 284 278 270 266 268 269 262 244 229 226 209 187 173 183
429 398 382 373 359 341 324 304 285 266 247 237 226 219 214 208 201 197 194 190 187 183 177 174 174 182 190 199 208 219 226 230 235 239 249 256 262 268 272 261 245 239 236 229 225 226 224 216 212 215 221 222 216 219 236 248 255 261 270 296 317 323 328 337 347 350 347 338 328 317 308 311 321 324 318 310 304 306 312 312 311 304 294 285 279 273 276 286 289 287 284 278 269 261 238 247
443 419 403 385 369 356 340 321 300 281 264 250 237 225 221 221 220 222 216 205 196 188 184 182 183 194 205 214 223 233 239 247 255 265 279 292 305 308 298 279 267 262 259 257 255 247 244 240 236 240 246 249 256 259 275 297 308 312 316 323 323 323 329 335 343 347 348 346 339 324 309 306 312 316 315 310 307 309 313 316 316 307 295 283 277 275 283 293 299 301 304 304 308 312 301 299
464 436 419 397 382 368 354 337 314 290 274 260 247 239 244 245 239 231 222 210 203 194 189 193 201 211 220 229 236 245 258 276 293 307 322 335 338 324 306 294 290 291 289 287 284 280 279 274 270 270 274 279 291 311 327 333 333 333 328 325 322 324 330 330 335 340 342 342 338 329 316 307 306 304 301 295 295 298 300 299 303 300 289 280 274 273 281 289 298 304 312 312 315 320 317 311
472 443 427 414 396 381 361 342 323 302 287 269 260 253 251 248 241 231 221 211 203 199 201 208 217 225 229 238 252 268 290 313 335 348 356 363 362 345 325 318 318 320 321 315 310 311 309 310 313 311 308 313 326 342 345 340 340 340 337 332 327 321 319 319 322 328 330 327 323 318 311 305 304 304 297 288 285 283 284 284 284 284 275 271 268 269 274 278 285 294 301 303 310 312 313 306
482 456 439 426 407 381 358 338 322 307 289 277 271 264 256 244 239 231 222 208 205 216 222 227 236 245 257 275 296 312 325 338 357 375 385 393 391 375 362 355 356 362 359 355 352 349 344 342 341 337 330 332 338 339 338 342 348 349 350 345 337 325 316 307 306 313 317 313 308 302 299 299 300 303 302 292 283 276 273 271 274 273 273 277 281 280 278 275 274 282 287 293 302 306 303 296
480 451 432 412 396 376 357 341 321 306 293 285 275 264 253 245 233 224 216 217 226 238 249 257 270 288 309 323 330 342 351 366 385 405 417 424 417 410 409 407 405 400 391 383 375 364 353 348 340 332 326 322 326 326 328 339 350 355 356 351 342 331 321 313 306 302 301 296 292 289 287 285 287 285 286 286 276 268 267 266 266 266 277 292 311 314 303 290 277 274 277 283 291 296 296 287
473 447 427 407 391 374 361 347 332 317 301 278 267 259 249 245 242 241 252 265 272 280 288 296 308 322 339 349 361 374 389 405 421 439 446 434 420 417 419 417 411 402 396 386 371 361 353 350 344 333 325 321 317 311 315 328 341 349 350 346 339 329 314 310 315 315 307 301 291 281 279 279 278 273 270 270 269 268 268 266 262 262 274 294 315 324 320 306 290 279 274 273 279 283 282 275
470 449 428 411 392 372 357 343 327 306 291 275 264 265 271 281 288 294 303 311 311 312 313 318 328 341 362 380 396 414 436 448 457 457 448 435 423 415 411 413 406 393 383 375 363 358 357 356 356 351 343 333 322 307 303 310 321 332 337 335 327 317 304 302 310 315 312 303 291 281 275 271 268 267 265 266 267 269 272 271 268 263 267 280 299 314 315 307 293 280 271 269 273 274 271 265
478 458 436 410 390 371 354 331 311 291 281 278 287 304 318 324 324 325 330 336 336 336 335 341 359 375 395 417 440 460 466 461 453 444 436 429 419 409 400 404 404 393 379 367 359 353 347 351 358 361 352 341 327 311 301 293 297 306 311 316 314 306 298 293 293 296 298 296 284 274 269 266 264 262 260 259 261 267 276 282 281 270 264 268 278 289 294 292 283 274 268 270 274 271 264 253
477 458 435 412 391 367 345 321 302 294 295 305 316 329 342 344 343 347 354 360 362 362 366 374 387 404 434 455 470 468 457 446 437 428 424 418 413 401 387 390 399 397 387 378 369 363 349 336 345 351 347 338 330 320 316 310 295 288 286 291 303 310 309 302 291 282 279 280 275 265 260 259 260 258 256 256 256 257 271 281 284 280 268 264 266 270 271 271 266 259 256 263 264 262 256 249
464 442 421 401 379 362 343 315 303 314 325 330 337 347 361 370 377 381 393 403 404 401 401 410 422 441 457 461 456 447 437 430 425 418 412 409 402 386 371 379 389 388 379 374 373 365 348 330 328 336 333 325 322 323 324 318 309 297 282 275 290 307 312 307 295 279 266 263 266 263 257 257 256 254 254 254 256 255 257 262 265 270 265 256 257 257 254 251 248 242 241 246 244 244 240 241
453 430 409 382 364 348 336 316 316 332 344 354 361 369 381 390 399 418 438 446 444 431 418 417 428 438 440 438 434 427 425 421 415 406 394 389 385 369 359 365 378 375 363 357 362 361 348 330 316 317 318 312 311 318 320 312 305 297 278 270 286 302 308 302 289 276 265 255 256 257 251 250 251 253 254 256 261 265 261 252 247 249 253 254 253 254 253 246 241 236 233 229 231 233 221 216
436 413 389 364 346 332 328 329 338 355 367 379 388 401 411 423 437 449 456 453 441 425 410 400 405 414 417 417 416 416 416 413 405 392 376 366 360 350 344 352 362 362 351 339 346 351 343 329 312 303 300 300 297 301 302 296 291 284 273 264 276 290 299 295 285 273 265 255 250 248 245 245 247 253 257 261 266 271 268 256 243 237 235 246 253 261 266 261 254 247 241 233 227 228 221 202
413 395 375 362 354 352 355 356 365 379 393 403 423 441 445 441 446 448 443 434 422 411 400 390 386 391 396 400 405 408 411 409 404 394 384 376 368 356 340 334 337 341 337 326 329 340 337 324 311 303 295 288 283 280 279 277 277 268 260 257 258 267 282 287 280 269 262 251 246 252 252 250 249 256 261 266 268 269 266 255 243 236 228 232 243 254 256 247 244 250 247 240 233 227 217 203
395 384 382 379 377 383 384 387 396 403 416 440 452 450 441 433 431 431 425 417 407 401 397 391 381 376 374 379 387 394 402 404 401 395 384 376 373 365 346 329 319 319 316 311 311 324 328 320 309 302 296 289 284 281 285 289 286 278 262 258 261 256 258 269 275 275 267 253 242 252 260 260 251 249 253 255 255 252 248 245 240 232 224 223 230 237 235 219 221 237 238 233 224 214 201 197
398 397 400 401 396 404 415 425 430 426 431 442 442 438 430 423 418 415 411 405 398 394 393 389 387 380 373 368 367 373 382 390 393 387 374 364 364 363 352 337 324 314 304 300 299 307 315 316 315 308 303 301 297 291 289 285 276 267 263 273 283 277 262 255 253 257 258 252 238 235 241 243 241 241 245 247 247 243 236 232 231 231 228 222 219 222 226 220 213 219 214 209 201 202 215 224
408 408 414 414 418 434 451 457 455 442 430 428 428 423 417 410 406 403 400 397 392 384 383 386 386 384 382 374 364 354 357 368 375 375 366 354 347 344 340 335 326 316 305 296 292 293 299 312 320 318 312 305 298 292 286 279 266 264 274 289 294 293 287 272 259 244 242 240 235 232 231 230 230 231 235 239 241 241 235 229 229 233 236 230 221 218 216 213 208 204 200 196 198 214 230 234
